.	Basic Statistics	Per Base Sequence Quality	Per Tile Sequence Quality	Per Sequence Quality Scores	Per Base Sequence Content	Per Sequence GC Content	Per Base N Content	Sequence Length Distribution	Sequence Duplication Levels	Overrepresented Sequences	Adapter Content
SRX19144479_1	1	1	1	1	0.25	0.5	1	0.5	0.25	0.5	1
SRX19144479_2	1	1	0.5	1	0.25	0.5	1	0.5	0.25	0.5	1
SRX19144480_1	1	1	1	1	0.25	0.25	1	0.5	0.25	0.5	1
SRX19144480_2	1	1	0.5	1	0.25	0.25	1	0.5	0.5	0.5	1
SRX19144481_1	1	1	1	1	0.25	0.5	1	0.5	0.25	0.5	1
SRX19144481_2	1	1	0.5	1	0.25	0.5	1	0.5	0.25	0.25	1
SRX19144482_1	1	1	1	1	0.25	0.25	1	0.5	0.5	0.5	1
SRX19144482_2	1	1	0.5	1	0.25	0.25	1	0.5	0.5	0.5	1
SRX19144483_1	1	1	1	1	0.25	1	1	0.5	0.25	0.5	1
SRX19144483_2	1	1	0.5	1	0.25	0.5	1	0.5	0.25	0.5	1
SRX19144484_1	1	1	1	1	0.25	0.25	1	0.5	0.25	0.5	1
SRX19144484_2	1	1	0.5	1	0.25	0.25	1	0.5	0.25	0.5	1
SRX19144485_1	1	1	1	1	0.25	0.25	1	0.5	0.5	0.5	1
SRX19144485_2	1	1	0.5	1	0.25	0.25	1	0.5	0.5	0.5	1
SRX19144486_1	1	1	1	1	0.25	0.5	1	0.5	0.25	0.5	1
SRX19144486_2	1	1	0.5	1	0.25	0.5	1	0.5	0.25	0.5	1
SRX19144487_1	1	1	1	1	0.25	1	1	0.5	0.5	0.5	1
SRX19144487_2	1	1	0.5	1	0.25	1	1	0.5	0.5	0.5	1
SRX19144488_1	1	1	1	1	0.25	0.5	1	0.5	0.5	0.5	1
SRX19144488_2	1	1	0.5	1	0.25	0.5	1	0.5	1	0.5	1
SRX19144489_1	1	1	1	1	0.25	0.25	1	0.5	0.25	0.25	1
SRX19144489_2	1	1	0.5	1	0.25	0.25	1	0.5	0.25	0.25	1
SRX19144490_1	1	1	1	1	0.25	1	1	0.5	0.5	0.5	1
SRX19144490_2	1	1	0.5	1	0.25	1	1	0.5	1	0.5	1
SRX19144491_1	1	1	1	1	0.25	0.25	1	0.5	0.25	0.25	1
SRX19144491_2	1	1	0.5	1	0.25	0.25	1	0.5	0.25	0.25	1
SRX19144492_1	1	1	1	1	0.25	0.25	1	0.5	0.25	0.25	1
SRX19144492_2	1	1	0.5	1	0.25	0.25	1	0.5	0.25	0.25	1
SRX19144493_1	1	1	1	1	0.25	1	1	0.5	0.25	0.5	1
SRX19144493_2	1	1	0.5	1	0.25	1	1	0.5	0.25	0.5	1
SRX19144494_1	1	1	1	1	0.25	0.5	1	0.5	0.5	0.25	1
SRX19144494_2	1	1	0.5	1	0.25	0.5	1	0.5	0.5	0.25	1
