Sample	0	1	2	3	4	5	6	7	8	9	10	11	12	13	14	15
SRX19144479_1	(1.0, 25.05994278223469)	(2.0, 9.340651307360448)	(3.0, 8.275359659835798)	(4.0, 6.392911158661158)	(5.0, 4.375988905600988)	(6.0, 2.963040028105847)	(7.0, 2.0281899523749636)	(8.0, 1.3815465711218813)	(9.0, 0.9766959110598448)	('>10', 5.863993882862882)	('>50', 1.407374384089828)	('>100', 5.081445758286394)	('>500', 3.824259800459675)	('>1k', 12.905465985727036)	('>5k', 5.158150679380082)	('>10k+', 4.964983232838437)
SRX19144479_2	(1.0, 36.97185878554438)	(2.0, 8.835684130745857)	(3.0, 7.263701887168198)	(4.0, 5.253710176281189)	(5.0, 3.5205295537382173)	(6.0, 2.240417300790571)	(7.0, 1.5072083881003773)	(8.0, 0.9718924231966319)	(9.0, 0.7135037635908541)	('>10', 4.134720591374587)	('>50', 0.9513969102591949)	('>100', 4.3372401731265064)	('>500', 4.031611341975333)	('>1k', 13.336016620344799)	('>5k', 3.5760234357596574)	('>10k+', 2.354484518003756)
SRX19144480_1	(1.0, 30.078545493015916)	(2.0, 12.943952802944272)	(3.0, 11.49260700658804)	(4.0, 8.267067986525872)	(5.0, 5.496002878720434)	(6.0, 3.3114432779292096)	(7.0, 1.9695719663035418)	(8.0, 1.331493410261127)	(9.0, 0.9327834821868066)	('>10', 5.4728072385094455)	('>50', 1.0707384052915156)	('>100', 2.5359818261074847)	('>500', 1.5198313675752335)	('>1k', 4.305597284218314)	('>5k', 1.9118063607722546)	('>10k+', 7.359769213050549)
SRX19144480_2	(1.0, 39.87125114460957)	(2.0, 12.421668939090758)	(3.0, 10.159265808220221)	(4.0, 7.023616559591796)	(5.0, 4.2527355223728724)	(6.0, 2.5533792219907583)	(7.0, 1.4682803090392078)	(8.0, 0.9765809967535619)	(9.0, 0.703035060920173)	('>10', 4.213008413734589)	('>50', 0.8821745521443917)	('>100', 2.327253585323053)	('>500', 1.1983283076865625)	('>1k', 4.354038877761768)	('>5k', 2.4020459924076274)	('>10k+', 5.193336708353015)
SRX19144481_1	(1.0, 15.041775323784751)	(2.0, 3.4493433637406055)	(3.0, 1.4853309723184078)	(4.0, 0.9009962235522843)	(5.0, 0.6640201256703633)	(6.0, 0.5178964710620594)	(7.0, 0.4451806161592153)	(8.0, 0.36778939281537704)	(9.0, 0.3211579484732071)	('>10', 3.646989034666479)	('>50', 1.2906671445230036)	('>100', 5.177270872885574)	('>500', 3.873211968168793)	('>1k', 17.933396184524256)	('>5k', 12.37365483154575)	('>10k+', 32.51131952610989)
SRX19144481_2	(1.0, 21.641366874631707)	(2.0, 3.4131924354245045)	(3.0, 1.5567991820514693)	(4.0, 0.9760093556876308)	(5.0, 0.7459914943962324)	(6.0, 0.5722366973791766)	(7.0, 0.5046792510001998)	(8.0, 0.4183521696230316)	(9.0, 0.36645681279469744)	('>10', 3.8797210674587705)	('>50', 0.8102215070958019)	('>100', 3.2187923140110506)	('>500', 3.569847466173997)	('>1k', 22.334643081982204)	('>5k', 13.971881452168363)	('>10k+', 22.019808838121186)
SRX19144482_1	(1.0, 40.377121066825104)	(2.0, 17.681309146409927)	(3.0, 11.124976877934936)	(4.0, 6.113234266499436)	(5.0, 3.1905929399965185)	(6.0, 1.7287064841762148)	(7.0, 1.0648221940766054)	(8.0, 0.7434709624321152)	(9.0, 0.5181461607539098)	('>10', 3.875790147321402)	('>50', 1.0876693305263747)	('>100', 2.722913924705699)	('>500', 1.5263831625285131)	('>1k', 4.388382668725492)	('>5k', 1.3479960809979012)	('>10k+', 2.5084845860898466)
SRX19144482_2	(1.0, 49.139999134065775)	(2.0, 16.445954123541437)	(3.0, 9.439927424656293)	(4.0, 4.820250781756701)	(5.0, 2.488519920697043)	(6.0, 1.2214580433882298)	(7.0, 0.7479314147633587)	(8.0, 0.4914871435457033)	(9.0, 0.3831843256160274)	('>10', 2.9328030691517184)	('>50', 0.9341026049929769)	('>100', 2.5558354273576978)	('>500', 1.5602670574041422)	('>1k', 3.8493359485321212)	('>5k', 1.3860376934484435)	('>10k+', 1.6029058870824893)
SRX19144483_1	(1.0, 26.466265773709104)	(2.0, 13.832579718402851)	(3.0, 12.026561789935807)	(4.0, 8.619361813594017)	(5.0, 5.44198719159702)	(6.0, 3.4290671059703994)	(7.0, 2.2556778417874765)	(8.0, 1.567071060460673)	(9.0, 1.1248666931661755)	('>10', 7.426829587585311)	('>50', 1.3592497375144603)	('>100', 2.9116564234350655)	('>500', 1.6076636764961956)	('>1k', 4.343962858446877)	('>5k', 2.2671189565393473)	('>10k+', 5.32007977135924)
SRX19144483_2	(1.0, 31.607716725360707)	(2.0, 13.853809860821551)	(3.0, 11.848299375133632)	(4.0, 8.024985736574566)	(5.0, 5.043279358480366)	(6.0, 3.138818959925295)	(7.0, 1.9884386453665772)	(8.0, 1.3826758791319136)	(9.0, 0.9819527402673639)	('>10', 6.248447426927348)	('>50', 1.2236685845528465)	('>100', 2.902093758488233)	('>500', 1.6596884734161033)	('>1k', 4.529409987747954)	('>5k', 1.8236481948945098)	('>10k+', 3.743066292910971)
SRX19144484_1	(1.0, 34.16448438084893)	(2.0, 9.498836656365164)	(3.0, 3.8087078353229837)	(4.0, 1.8965409062881768)	(5.0, 1.174707210145875)	(6.0, 0.7404040730719033)	(7.0, 0.6101526811526605)	(8.0, 0.44730336469395326)	(9.0, 0.37325248895040597)	('>10', 3.355488629912499)	('>50', 1.176008658661589)	('>100', 4.343282293368636)	('>500', 3.3836697950963153)	('>1k', 14.546376020388593)	('>5k', 9.053191281263812)	('>10k+', 11.427593724468581)
SRX19144484_2	(1.0, 41.204456796165026)	(2.0, 8.73535504938022)	(3.0, 3.361803683240352)	(4.0, 1.652365567817315)	(5.0, 1.0346649720112122)	(6.0, 0.7152395728748668)	(7.0, 0.5247477621282468)	(8.0, 0.4017308972855749)	(9.0, 0.3521451013037121)	('>10', 3.0237304405665095)	('>50', 0.7249056364884112)	('>100', 3.0223163673383024)	('>500', 3.6393302995620345)	('>1k', 17.45640633631104)	('>5k', 7.285381966990548)	('>10k+', 6.86541955053656)
SRX19144485_1	(1.0, 48.09475578428744)	(2.0, 13.103263252837142)	(3.0, 5.0767516295347965)	(4.0, 2.3505881646645057)	(5.0, 1.2344623359512803)	(6.0, 0.8481542852996417)	(7.0, 0.6056203624048353)	(8.0, 0.46030578811771555)	(9.0, 0.38541867845322614)	('>10', 3.4611867593110635)	('>50', 1.0676445810094142)	('>100', 3.019740482157098)	('>500', 1.731042049475682)	('>1k', 5.350208457906308)	('>5k', 2.911548964724342)	('>10k+', 10.299308423865519)
SRX19144485_2	(1.0, 52.37119090704452)	(2.0, 12.582591642828756)	(3.0, 4.520464373547836)	(4.0, 1.8818240606532386)	(5.0, 1.0019387496868521)	(6.0, 0.6599113300692986)	(7.0, 0.503656042613476)	(8.0, 0.4051555537672221)	(9.0, 0.2839209931337264)	('>10', 3.2013421478245747)	('>50', 1.06890884346919)	('>100', 2.898450157582618)	('>500', 1.681669843474477)	('>1k', 5.3628150400703944)	('>5k', 2.741847276921765)	('>10k+', 8.834313037312205)
SRX19144486_1	(1.0, 24.149705440720066)	(2.0, 8.147276714412579)	(3.0, 9.5756263734667)	(4.0, 9.327391195497563)	(5.0, 7.715734442124027)	(6.0, 5.932201839948651)	(7.0, 4.319965858512063)	(8.0, 2.913593231526517)	(9.0, 1.980592747847574)	('>10', 8.787929552190173)	('>50', 1.1753202847254793)	('>100', 2.669777133614668)	('>500', 1.4827045495425435)	('>1k', 3.998902631147431)	('>5k', 2.7241691322924155)	('>10k+', 5.099108872431655)
SRX19144486_2	(1.0, 31.92837052654303)	(2.0, 8.335577302743825)	(3.0, 9.611942908666293)	(4.0, 8.6324051930619)	(5.0, 7.076269198231723)	(6.0, 5.377842553616281)	(7.0, 3.7445918553559805)	(8.0, 2.5463887401861887)	(9.0, 1.6345557374069448)	('>10', 6.505651587604457)	('>50', 0.9837545039232282)	('>100', 2.660462645016898)	('>500', 1.344112164565874)	('>1k', 4.204002612976518)	('>5k', 1.9219342948090825)	('>10k+', 3.492138175291717)
SRX19144487_1	(1.0, 45.87254998087866)	(2.0, 13.80793336998959)	(3.0, 6.535664123843507)	(4.0, 3.6221580364242154)	(5.0, 2.396763709839949)	(6.0, 1.6700818197781668)	(7.0, 1.3167556746901736)	(8.0, 0.9867249847469183)	(9.0, 0.8461810519968943)	('>10', 6.894168199065907)	('>50', 1.4592757928647617)	('>100', 3.069482949507866)	('>500', 1.7551642067428523)	('>1k', 4.085701868452828)	('>5k', 1.6161252217805697)	('>10k+', 4.065269009397021)
SRX19144487_2	(1.0, 54.95050910417763)	(2.0, 12.396302879140384)	(3.0, 5.720320643830398)	(4.0, 3.0824226170738687)	(5.0, 1.966856508278525)	(6.0, 1.3645859744600384)	(7.0, 0.9558917358563644)	(8.0, 0.7439174956295426)	(9.0, 0.6511245105768007)	('>10', 4.983574179767837)	('>50', 1.044358063464395)	('>100', 2.8663819114624327)	('>500', 1.5711740946427113)	('>1k', 3.9152090064720433)	('>5k', 1.564045420003053)	('>10k+', 2.2233258551640005)
SRX19144488_1	(1.0, 56.229296491259916)	(2.0, 17.119143693621222)	(3.0, 6.873933255169046)	(4.0, 2.983513498289465)	(5.0, 1.5450392779510767)	(6.0, 0.9289922694676563)	(7.0, 0.6684607300571483)	(8.0, 0.5035518936295805)	(9.0, 0.35195966711612264)	('>10', 2.978008532961049)	('>50', 0.8222174863999429)	('>100', 2.1841271884965368)	('>500', 1.109232487315003)	('>1k', 3.147628213353683)	('>5k', 1.3170718760920064)	('>10k+', 1.2378234388204987)
SRX19144488_2	(1.0, 64.86124114991838)	(2.0, 14.408313596939895)	(3.0, 5.331909201050782)	(4.0, 2.268361982231727)	(5.0, 1.1128270238451259)	(6.0, 0.6233614814189213)	(7.0, 0.45439146155659604)	(8.0, 0.3361469755828173)	(9.0, 0.2757102401318599)	('>10', 2.0947852101785456)	('>50', 0.6716039805273047)	('>100', 1.8917512889809585)	('>500', 1.1342489112142191)	('>1k', 2.868810606574472)	('>5k', 0.7257209820505843)	('>10k+', 0.9408159077976449)
SRX19144489_1	(1.0, 9.342985665971876)	(2.0, 3.427084475341688)	(3.0, 2.6340762697190065)	(4.0, 1.8421134587771029)	(5.0, 1.2596791017469569)	(6.0, 0.8761243564232418)	(7.0, 0.6145252514441187)	(8.0, 0.46772248797254373)	(9.0, 0.37462211600812806)	('>10', 4.449856430862644)	('>50', 1.5466065325986524)	('>100', 5.340217216051869)	('>500', 4.033244865701614)	('>1k', 18.76252876745169)	('>5k', 13.182671704641857)	('>10k+', 31.8459412992869)
SRX19144489_2	(1.0, 20.022243084076983)	(2.0, 3.5533471365202534)	(3.0, 2.4956362885067307)	(4.0, 1.8073934951831099)	(5.0, 1.268923774235505)	(6.0, 0.8978298606201258)	(7.0, 0.707532628670094)	(8.0, 0.5473791723482627)	(9.0, 0.471734882467022)	('>10', 4.681662758461727)	('>50', 0.9596233091459464)	('>100', 3.101317310688405)	('>500', 3.6391435907578873)	('>1k', 23.382202892067067)	('>5k', 13.266890596711923)	('>10k+', 19.197139219539043)
SRX19144490_1	(1.0, 53.705339182728466)	(2.0, 15.785636351684252)	(3.0, 6.844420331465121)	(4.0, 3.271765540656198)	(5.0, 1.9775277295771034)	(6.0, 1.3032015235942116)	(7.0, 0.9738913736691701)	(8.0, 0.7755395855973685)	(9.0, 0.5827929514129635)	('>10', 4.53217967355454)	('>50', 0.820085781246391)	('>100', 1.8367590569011327)	('>500', 0.9842229790785062)	('>1k', 2.5532660213479215)	('>5k', 1.0051769727914264)	('>10k+', 3.048194944695295)
SRX19144490_2	(1.0, 63.31284545796806)	(2.0, 13.632211375817308)	(3.0, 5.367007150317188)	(4.0, 2.4014308541633547)	(5.0, 1.434723703990593)	(6.0, 0.9251925570561728)	(7.0, 0.7173450580050824)	(8.0, 0.5285331297529982)	(9.0, 0.37798252120558884)	('>10', 3.1013855346926724)	('>50', 0.6702637028601144)	('>100', 1.760661168773801)	('>500', 0.8028090577214769)	('>1k', 2.1038555205406486)	('>5k', 1.2046190609954872)	('>10k+', 1.6591341461394717)
SRX19144491_1	(1.0, 20.285029488777937)	(2.0, 8.612690714455386)	(3.0, 8.391458484076008)	(4.0, 6.669339707253879)	(5.0, 4.939094642905338)	(6.0, 3.2718522716852503)	(7.0, 2.107323584059453)	(8.0, 1.3360824069792105)	(9.0, 0.9145993544063588)	('>10', 4.293761506694051)	('>50', 1.070984954555664)	('>100', 2.7280694609264904)	('>500', 1.8634322951999769)	('>1k', 5.8811592512550686)	('>5k', 3.3048131607433797)	('>10k+', 24.33030871602659)
SRX19144491_2	(1.0, 27.691946536254306)	(2.0, 8.57662447962161)	(3.0, 7.763355959559995)	(4.0, 5.91810006090341)	(5.0, 4.143498522186767)	(6.0, 2.648967537304704)	(7.0, 1.669366267603017)	(8.0, 1.072835522128851)	(9.0, 0.713037640974176)	('>10', 3.838343235475931)	('>50', 1.1094916236100267)	('>100', 2.7516705014266107)	('>500', 1.692629149342651)	('>1k', 5.175967395123637)	('>5k', 3.374919695321632)	('>10k+', 21.85924587316267)
SRX19144492_1	(1.0, 17.99273183994969)	(2.0, 6.783074202970949)	(3.0, 3.4925022275603803)	(4.0, 1.6807798890465477)	(5.0, 0.8705206577438362)	(6.0, 0.5697568171758066)	(7.0, 0.3615160051262325)	(8.0, 0.29527860629189995)	(9.0, 0.2389687154325611)	('>10', 3.760280218685858)	('>50', 1.491409489344289)	('>100', 3.8993854376884207)	('>500', 2.478558057243618)	('>1k', 8.334062028077263)	('>5k', 5.153840831860438)	('>10k+', 42.59733497580226)
SRX19144492_2	(1.0, 22.40417611044152)	(2.0, 6.606472963394817)	(3.0, 3.2675589492892105)	(4.0, 1.4998879187203276)	(5.0, 0.7802818335149369)	(6.0, 0.5076248058265167)	(7.0, 0.3754743065414059)	(8.0, 0.3184219590160352)	(9.0, 0.2554460351486493)	('>10', 4.233010569515578)	('>50', 1.6376586495552639)	('>100', 4.175265601222447)	('>500', 2.3164287842316305)	('>1k', 7.248968531994502)	('>5k', 4.054685240699862)	('>10k+', 40.31863774088721)
SRX19144493_1	(1.0, 24.86436326876136)	(2.0, 7.030326446372985)	(3.0, 8.735784236678622)	(4.0, 9.07073636606328)	(5.0, 8.115806252268676)	(6.0, 6.563562226988391)	(7.0, 4.976969556960404)	(8.0, 3.3940267321595905)	(9.0, 2.4277515294573835)	('>10', 9.495134607971197)	('>50', 1.1318768155792251)	('>100', 2.762633621224708)	('>500', 1.6250641245279724)	('>1k', 4.42732796190533)	('>5k', 1.6822147825032385)	('>10k+', 3.6964214705775573)
SRX19144493_2	(1.0, 28.616682761401634)	(2.0, 7.690778674468469)	(3.0, 9.223612687458797)	(4.0, 9.150675686341469)	(5.0, 8.049468842104613)	(6.0, 6.35483711609118)	(7.0, 4.5539647610869265)	(8.0, 3.0978939235432588)	(9.0, 2.117659918730154)	('>10', 7.776756815129452)	('>50', 1.0524306355447974)	('>100', 2.8363168328194033)	('>500', 1.6833696970316527)	('>1k', 3.934382169355212)	('>5k', 1.835721668757737)	('>10k+', 2.0254478101352573)
SRX19144494_1	(1.0, 48.64839535592566)	(2.0, 13.34114664232252)	(3.0, 5.583056665242758)	(4.0, 2.7119725182570105)	(5.0, 1.6334656103163128)	(6.0, 1.0502356474550898)	(7.0, 0.8177018176630224)	(8.0, 0.5956475458049242)	(9.0, 0.49571984829363525)	('>10', 4.108931989337474)	('>50', 1.0492834559326643)	('>100', 2.941248725712979)	('>500', 1.6534917414679207)	('>1k', 4.853394379078117)	('>5k', 2.116909817755284)	('>10k+', 8.399398239434799)
SRX19144494_2	(1.0, 55.50646568758562)	(2.0, 11.836279517190604)	(3.0, 4.66867964325948)	(4.0, 2.2426207089907804)	(5.0, 1.3473078991107006)	(6.0, 0.8939527891115413)	(7.0, 0.6342970402451086)	(8.0, 0.45483719351430446)	(9.0, 0.3820038553420092)	('>10', 3.253218988947768)	('>50', 0.9231894800351782)	('>100', 2.761252003056058)	('>500', 1.7230022397778684)	('>1k', 4.613332460969581)	('>5k', 2.1371859680860794)	('>10k+', 6.62237452477728)
