Sample	5.0	10.0	15.0	20.0	25.0	30.0	35.0	40.0	45.0	50.0	55.0	60.0	65.0	70.0	75.0	80.0	85.0	90.0	95.0	100.0
SRX19144479	13.651482952970525	23.80578397856417	32.53256952785734	39.80412085373741	46.415042040099785	52.62866118451446	58.10311373925899	63.23108195509563	67.75385752563984	72.01330499861406	76.05100249468724	79.57128337799132	82.99916843758662	85.87267855492932	88.75080846345745	91.61969878961472	93.91111521759217	96.248729557424	98.2444793495334	100.0
SRX19144480	13.716115855922762	24.215558856294095	32.56591162272559	40.452098031934646	47.24285183809877	53.36056442629038	58.95841069439287	64.18492387671742	68.81266245822503	73.12012625324917	76.90308206461195	80.74173783884144	84.17656888228741	87.26327515781657	89.95544002970665	92.37838841440772	94.67137021908653	96.74155217229855	98.48681767545489	100.0
SRX19144481	13.342959062340752	22.59215219976219	30.193647018855103	37.55732970952947	44.06319007983693	50.25479870901987	55.503652114829286	60.45524036011551	65.44080176660438	69.83183285204689	73.73874639035162	77.34839476813318	81.03448275862068	84.46577204008832	87.50636996772549	90.38559537965007	92.89960930864616	95.79582130117207	97.90215729573637	100.0
SRX19144482	13.611715981384227	24.170616113744074	32.748388198625165	40.403911020024765	47.22257802826523	53.25135562102387	58.69945775159045	64.12194184706033	69.10038000085393	73.20780496135946	77.387814354639	81.09815977114555	84.36018957345972	87.38738738738739	90.1882925579608	92.55369113189019	94.94897741343239	96.7763972503309	98.4842662567781	100.0
SRX19144483	14.049140491404914	24.228242282422823	32.84732847328473	40.19740197401974	46.92046920469205	53.13653136531365	58.52758527585276	63.45663456634566	68.22368223682237	72.36972369723698	76.24876248762487	79.74979749797498	83.19083190831908	86.36186361863619	89.13389133891339	91.5759157591576	94.0149401494015	96.2919629196292	98.2329823298233	100.0
SRX19144484	13.70954425363276	23.52212681638045	31.9971928665786	39.44848084544254	46.111294583883755	52.138375165125495	57.789795244385736	62.78484147952444	67.35468956406869	71.51585204755614	75.47886393659181	79.18593130779392	82.54623513870541	85.86525759577279	88.89531043593131	91.6116248348745	93.97291941875825	96.21449801849406	98.16297886393659	100.0
SRX19144485	14.436724936500822	25.067234424025102	34.34184969370985	42.25310025399671	49.32392051396982	55.449723591812344	61.11982668459584	66.1512027491409	70.70073210817272	75.16808606006275	79.04900642462275	82.6497833557448	85.86582997161213	88.91005528163753	91.34917077543702	93.60525922605707	95.5289108023308	97.19483041984162	98.67398774839384	100.0
SRX19144486	12.465767853381083	22.045502422582683	30.329681904360648	37.392037076048034	44.022540551927534	50.231725300189595	55.724668211502	60.79102591110175	65.62039182641668	69.98104065725721	73.98883505371813	78.1546239730356	81.62523699178429	84.7535285443438	87.68696018538024	90.45713081946492	93.285232778597	95.7657467874447	98.01980198019803	100.0
SRX19144487	14.791675551196214	24.804895731161242	33.33830866987931	40.81623949848608	47.30265682971555	53.275192971981745	58.473708900166315	63.27988400358224	67.82378779478869	72.0265256514137	75.96699219582925	79.56629280566335	83.00140730948014	86.11028188835344	88.84387393918718	91.43673504200605	93.92937865154164	96.13203121668302	98.1598362403514	100.0
SRX19144488	14.096524460550157	24.559380662164386	33.12139680448032	40.49744687860319	46.984022401581285	53.04233239993411	58.688848624608795	63.77861966727063	68.37423818151869	72.45264371602701	76.26091253500248	79.72327458408829	83.16257618184812	86.20985010706639	89.09240652281338	91.7443584253006	94.17229451490694	96.15549332894086	98.18151869543732	100.0
SRX19144489	15.277067348678601	24.075021312872977	31.918158567774935	38.908780903665814	45.06393861892583	50.53708439897698	55.94202898550725	61.14236999147485	66.25745950554135	70.50298380221653	75.00426257459506	78.02216538789429	81.34697357203751	84.92753623188406	87.89428815004263	91.03154305200341	93.64023870417732	95.87382779198636	98.17561807331629	100.0
SRX19144490	14.29553264604811	24.830633284241532	33.10260186548847	40.40009818360334	46.91703485517918	52.771232204221896	58.21060382916053	63.11487481590574	67.64604810996563	71.91703485517918	75.9278350515464	79.52380952380952	82.83996072655866	85.82965144820815	88.72852233676976	91.37211585665194	93.82425135002454	96.01865488463427	98.12960235640648	100.0
SRX19144491	13.136821758939666	23.02222835841502	31.485572276680934	39.1067237332597	45.78903769156427	52.008836117630814	57.828247963551014	63.57172442358139	68.14855722766809	72.33190666850753	76.50835289244787	80.27060610244374	83.80505315477012	87.02885544663813	89.77633577246998	92.3857517603203	94.843296976391	96.7209719729394	98.40535689631368	100.0
SRX19144492	12.851159464705281	22.63765451016447	31.014403922770455	38.808867095719684	45.908673000306464	52.191235059760956	58.39207273470222	63.56114005516396	68.54632751047093	72.90836653386454	77.19889672080907	80.96843395648176	84.4212892021657	87.70048013075902	90.43824701195219	92.79803861477168	95.05567473694964	97.0477066094596	98.75370313617326	100.0
SRX19144493	13.487303099949548	23.667245921856605	32.40091933404339	40.030270755087166	46.549694489601436	52.69353663321935	58.42255731823533	63.44526038455071	68.36706093390885	72.75071472616177	77.06149447839005	80.60429396266606	83.99013397611974	87.14614047872638	90.03867929816694	92.43791692359437	94.71943494590504	96.67582263579797	98.43040529177644	100.0
SRX19144494	15.056945565420142	25.82429079604221	34.72334319791947	42.459570143185964	49.36179116970077	55.52566287029564	61.049831106328284	66.01799539652647	70.73506113054135	74.98879024302754	78.89277493797267	82.36331569664902	85.42133739873853	88.1983678593848	90.76614952321167	93.19642483484292	95.2141810898873	97.00774220548232	98.6339042836218	100.0
