Sample	5.0	10.0	15.0	20.0	25.0	30.0	35.0	40.0	45.0	50.0	55.0	60.0	65.0	70.0	75.0	80.0	85.0	90.0	95.0	100.0
SRX19144479	47.92623069149704	64.28396131081276	73.14566190269959	78.8645878446658	82.88003464703334	85.94990616428468	88.4206727298975	90.376786487657	91.98570809874404	93.3102353111015	94.42904576295655	95.44535874115779	96.31442182763101	97.03262595640248	97.7003031615418	98.28858091525913	98.79168471199654	99.2478706510755	99.63043164429045	100.0
SRX19144480	47.36377111064056	63.84339610242631	72.83965040122082	78.6882014062808	82.83329804245128	85.91382696758836	88.36058032813219	90.3670495118906	92.02231357287324	93.42056265835262	94.60341567061194	95.59496776360463	96.47261549245384	97.21591448410815	97.8270552071088	98.4009579649087	98.92082916535847	99.34358959381412	99.69625502895069	100.0
SRX19144481	32.293437606256376	48.724923495409726	59.417715062903774	67.08942536552193	72.83321999319959	77.39374362461747	81.1059163549813	84.19245154709283	86.70690241414485	88.96293777626657	90.88405304318259	92.4914994899694	93.8813328799728	95.08075484529071	96.21982318939136	97.17188031281877	97.9998299897994	98.72492349540973	99.38881332879973	100.0
SRX19144482	47.56511074237068	64.16564461438568	73.25517639419955	78.9842002741505	83.07842147031239	86.09263400909025	88.51453719067888	90.42204747132241	92.06190029579395	93.44131015078277	94.63097900584373	95.59339153019263	96.47716614962846	97.2419017386913	97.91862059014501	98.48279344924609	98.97842868479907	99.38243993939831	99.71719212178054	100.0
SRX19144483	56.68738574040219	71.4023599800565	78.62589330231012	83.22818680405517	86.3034734917733	88.6800731261426	90.5720458700349	92.03190958949642	93.33289014459032	94.45703839122486	95.38241648662124	96.19943493435267	96.86953631377763	97.4804719960113	98.0787767990693	98.5414658467675	98.99484793086256	99.38042213727772	99.72411500747882	100.0
SRX19144484	49.785292158557844	65.8132679525517	74.4178795651989	79.83305225266082	83.6602372415357	86.58961749408313	88.85361602018112	90.69103329034452	92.19682260738935	93.45672538654497	94.55790025651564	95.48900950950241	96.30674168449994	97.01818284888253	97.66443219342129	98.23769504400448	98.75852099601764	99.23116168988535	99.6357761369595	100.0
SRX19144485	51.649486739280654	67.46333088753856	75.86000555646581	81.23909187402495	84.98899392350599	87.75582894633736	89.93923505987448	91.75434722212329	93.20615200495807	94.41788897041538	95.46079485955677	96.342705713899	97.09781516915164	97.73395926683146	98.26467298774016	98.74694572472698	99.17222906886455	99.5098912214964	99.77417953083483	100.0
SRX19144486	43.02286344173909	59.81613263645703	69.46766948866576	75.85878506565085	80.39697953613233	83.76238217716356	86.50464542543699	88.76249465719835	90.6349123030662	92.20963279017974	93.58638841605615	94.68344368874524	95.6935144011938	96.53861439594472	97.35446958164925	98.03009965731083	98.62774357551534	99.12265572860817	99.5943220078436	100.0
SRX19144487	63.41264636405891	75.50061442660945	81.41566437662759	85.1436102816175	87.79296688463424	89.82152976307965	91.41967565915559	92.7032860681154	93.85764404006188	94.84008990366554	95.66399460068638	96.42040787739484	97.07622073514712	97.64098384662893	98.150989768046	98.60050809578688	98.99781607951253	99.38621010206485	99.71284310791623	100.0
SRX19144488	54.03613585093099	69.26452022379668	77.03048574365484	81.94932150421171	85.38629762750685	87.93195035632239	89.9995170848482	91.65729581312563	92.99221126848013	94.15879629949018	95.14532296675475	96.00698157333757	96.74032272529716	97.41778369540472	97.96830696846564	98.49744399908936	98.9555235145185	99.31770987837437	99.68610515132491	100.0
SRX19144489	20.235871088276507	34.2760392340028	44.85871088276506	53.37225595516114	60.35730966837926	66.07192900513779	71.0894441849603	75.36314806165343	79.22232601588043	82.53970107426436	85.46240074731433	87.98692199906586	90.20901447921533	92.1485287248949	93.86034563288183	95.47174217655301	96.86945352638953	98.1013545072396	99.11373190098085	100.0
SRX19144490	59.241062094919506	72.49960798661928	79.13639452226636	83.35576521011917	86.32395985782982	88.56888981810579	90.39959230608405	91.88532301902572	93.11820510140079	94.21061572234998	95.13707401212628	95.91718063976583	96.6404453272005	97.31536169767928	97.86614049759565	98.3796780263433	98.85532092828768	99.28000209073804	99.65960171440518	100.0
SRX19144491	36.907663361463285	54.18178353961084	64.83491183919088	72.1354683518176	77.471162166668	81.58030532775497	84.82332113398378	87.52252645618158	89.6707763390837	91.5173503330343	93.06621785762486	94.39597342076641	95.49709041543946	96.46483491183919	97.29444360645586	97.97242047267848	98.63372577661694	99.19262005509555	99.63005009407524	100.0
SRX19144492	30.332887021561476	46.788863751789094	57.89925666004894	65.97534512212013	72.12336672976592	76.8890530495406	80.89200794127153	84.2365760192068	86.90613601735998	89.24050048478692	91.26552472413316	92.9387321667667	94.41987164689044	95.73572187081582	96.80225310494482	97.68687381688905	98.4551456669283	99.1246133247149	99.60201301999169	100.0
SRX19144493	43.99793959685788	60.80310272473166	70.36200980206495	76.67653943172263	81.18745881087469	84.60530402308864	87.288373114769	89.4116488527645	91.26525417951262	92.76662146909774	94.03619340519494	95.11487505018445	96.08977903691303	96.9321203214835	97.66007893162038	98.29410739851379	98.82360070599108	99.30688644300183	99.66442698825115	100.0
SRX19144494	58.047434968188774	72.32825964403641	79.44887385573541	83.88969423639634	86.9922955088454	89.28149579877051	91.11030576360366	92.58610507100481	93.81828675740249	94.90550589245926	95.78870365896218	96.56049502026791	97.24772489329146	97.81549488604333	98.31682370943062	98.74030227376446	99.1006952833481	99.44431021985987	99.7389331830018	100.0
