Sample	total_reads	total_tags	total_assigned_tags	cds_exons_total_bases	cds_exons_tag_count	cds_exons_tags_kb	5_utr_exons_total_bases	5_utr_exons_tag_count	5_utr_exons_tags_kb	3_utr_exons_total_bases	3_utr_exons_tag_count	3_utr_exons_tags_kb	introns_total_bases	introns_tag_count	introns_tags_kb	tss_up_1kb_total_bases	tss_up_1kb_tag_count	tss_up_1kb_tags_kb	tss_up_5kb_tags_kb	tss_up_10kb_tags_kb	tes_down_1kb_total_bases	tes_down_1kb_tag_count	tes_down_1kb_tags_kb	tes_down_5kb_tags_kb	tes_down_10kb_tags_kb	other_intergenic_tag_count	cds_exons_tag_pct	5_utr_exons_tag_pct	3_utr_exons_tag_pct	introns_tag_pct	tss_up_1kb_tag_pct	tss_up_5kb_tag_pct	tss_up_10kb_tag_pct	tes_down_1kb_tag_pct	tes_down_5kb_tag_pct	tes_down_10kb_tag_pct	other_intergenic_tag_pct	tss_up_5kb-10kb_total_bases	tss_up_1kb-5kb_total_bases	tss_up_5kb-10kb_tag_count	tss_up_1kb-5kb_tag_count	tes_down_5kb-10kb_total_bases	tes_down_1kb-5kb_total_bases	tes_down_5kb-10kb_tag_count	tes_down_1kb-5kb_tag_count
SRX19144479	13489300	17332169	16698173	74244259	9882190	133.1	4624675	235456	50.91	24606306	2286960	92.94	1007265330	3814714	3.79	30156312	29012	0.96	0.45	0.36	31556701	84037	2.66	2.42	1.58	633996	57.01646458674618	1.358491254037507	13.194886341115183	22.009443826678588	0.1673881670551447	0.3565047167495309	0.524019815407985	0.48486141578702585	1.9263082422055773	2.2387792318434006	3.6579149441711536	111645395	107505217	29034	32778	108148470	106598443	54158	249834
SRX19144480	15980590	19501285	18742642	74244259	9132116	123.0	4624675	219639	47.49	24606306	2426714	98.62	1007265330	6522637	6.48	30156312	29546	0.98	0.53	0.44	31556701	95235	3.02	1.92	1.34	758643	46.828278239100655	1.1262796272143092	12.44386716054865	33.44721642702007	0.15150796473155487	0.3707140324342729	0.5678087367063247	0.48835243421138663	1.3587309759331245	1.6963292418935472	3.8902205675164483	111645395	107505217	38436	42748	108148470	106598443	65836	169735
SRX19144481	8085184	9894974	9259835	74244259	5094307	68.62	4624675	82967	17.94	24606306	1005513	40.86	1007265330	2706945	2.69	30156312	10706	0.36	0.19	0.18	31556701	39949	1.27	2.02	1.32	635139	51.48378358548491	0.8384761799273045	10.161855907857868	27.356767183016345	0.10819634291105767	0.2601017445826538	0.4652766141679604	0.40373021697682077	2.824241882798277	3.275036397265925	6.41880413227968	111645395	107505217	20302	15031	108148470	106598443	44606	239509
SRX19144482	22757001	26451871	25156806	74244259	9763368	131.5	4624675	214277	46.33	24606306	2641468	107.35	1007265330	11874438	11.79	30156312	35799	1.19	0.78	0.71	31556701	122460	3.88	2.74	1.98	1295065	36.909933516612114	0.8100636813176656	9.985940124991536	44.890730035693885	0.13533636240702973	0.4051206812554015	0.6656617976097041	0.4629540193962083	1.4308137220236707	1.8417411758888436	4.895929667886253	111645395	107505217	68918	71363	108148470	106598443	108698	256017
SRX19144483	20143960	26311364	25519644	74244259	14984270	201.82	4624675	372519	80.55	24606306	3399175	138.14	1007265330	6205760	6.16	30156312	43885	1.46	0.72	0.57	31556701	123818	3.92	2.48	1.69	791720	56.94980313449353	1.4158102939855188	12.919037568709854	23.585854385960378	0.1667910489171143	0.3793189893157953	0.5414808597532229	0.4705875377650509	1.302391620594052	1.5789717325183144	3.0090420245791893	111645395	107505217	42667	55919	108148470	106598443	72772	218859
SRX19144484	19460302	23743784	22596100	74244259	10438514	140.6	4624675	212683	45.99	24606306	2738786	111.3	1007265330	8512631	8.45	30156312	28875	0.96	0.58	0.52	31556701	110664	3.51	3.4	2.29	1147684	43.96314420650053	0.8957418076242608	11.534749473799122	35.852040264517235	0.12161077610881232	0.3367618236419267	0.5421250462857985	0.46607566847811616	1.9807836863745054	2.3785804318300743	4.8336187694429835	111645395	107505217	48761	51085	108148470	106598443	94452	359649
SRX19144485	30423213	35009220	33232526	74244259	12338294	166.19	4624675	267607	57.87	24606306	3455609	140.44	1007265330	16296700	16.18	30156312	48590	1.61	1.08	0.99	31556701	161268	5.11	3.47	2.55	1776694	35.24298456235243	0.7643900663882258	9.870568381700592	46.549737469158124	0.13879200964774424	0.4248623648284652	0.704145936413322	0.460644367398074	1.3696134903891033	1.7932418945637751	5.074931689423529	111645395	107505217	97775	100151	108148470	106598443	148309	318223
SRX19144486	10231825	13089079	12634553	74244259	6978499	93.99	4624675	168658	36.47	24606306	1727439	70.2	1007265330	3481292	3.46	30156312	20573	0.68	0.34	0.28	31556701	62512	1.98	1.23	0.85	454526	53.31543189555201	1.2885398583047745	13.19755958383321	26.596920990392064	0.1571768342142331	0.36183600083703366	0.5317639231912344	0.4775889884994964	1.3000532734197723	1.5972246786806008	3.4725590700461053	111645395	107505217	22242	26788	108148470	106598443	38897	107653
SRX19144487	32152491	42197072	41042354	74244259	24275049	326.96	4624675	554943	120.0	24606306	6357371	258.36	1007265330	8966011	8.9	30156312	63745	2.11	1.04	0.81	31556701	217835	6.9	4.14	2.79	1154718	57.52780429883856	1.315122053966209	15.065905520648448	21.24794582903762	0.15106498384532463	0.33935766917666704	0.48057599825883657	0.5162325006815639	1.354954201561663	1.6261578528481788	2.736488446402158	111645395	107505217	59590	79454	108148470	106598443	114440	353916
SRX19144488	28521020	33817882	32305947	74244259	13027361	175.47	4624675	271951	58.8	24606306	3687815	149.87	1007265330	14523313	14.42	30156312	43011	1.43	0.93	0.83	31556701	159187	5.04	3.31	2.39	1511935	38.522107919118056	0.8041633121790419	10.904925979693228	42.945661115027846	0.12718419207920828	0.37962755917121005	0.6111441278315419	0.47071842050900764	1.3511165483397214	1.741182372095331	4.470815174054957	111645395	107505217	78294	85371	108148470	106598443	131912	297732
SRX19144489	3811544	4603383	4208879	74244259	2127262	28.65	4624675	30393	6.57	24606306	463438	18.83	1007265330	1313707	1.3	30156312	5134	0.17	0.09	0.1	31556701	23932	0.76	1.58	1.01	394504	46.210841027131565	0.6602318338491496	10.067335261914987	28.5378600911547	0.11152667505614892	0.2638711573640516	0.556829618565303	0.5198785328094577	4.7467699298537624	5.397030835800541	8.56987133158375	111645395	107505217	13486	7013	108148470	106598443	29934	194580
SRX19144490	31078716	38753287	37334615	74244259	18302991	246.52	4624675	382557	82.72	24606306	4930072	200.36	1007265330	12871616	12.78	30156312	51436	1.71	0.99	0.83	31556701	188564	5.98	3.69	2.6	1418672	47.22951887926307	0.987160134313252	12.721687324226199	33.21425612232583	0.1327268058577844	0.3529919926534232	0.5365996437927961	0.4865755000343584	1.3172353612223913	1.6499993923096126	3.6607785037692415	111645395	107505217	71154	85360	108148470	106598443	128957	321908
SRX19144491	11247675	13219645	12593865	74244259	5388974	72.58	4624675	133768	28.92	24606306	1365983	55.51	1007265330	5369916	5.33	30156312	23378	0.78	0.44	0.38	31556701	61644	1.95	1.36	0.98	625780	40.76489194679585	1.0118879894278554	10.332977927924691	40.62072771243101	0.17684287286080677	0.4543692360876559	0.7128860116894213	0.46630601653826553	1.4244860584380292	1.8229158196002995	4.733712592130878	111645395	107505217	34175	36688	108148470	106598443	52671	126668
SRX19144492	8981345	10221290	9653442	74244259	3526572	47.5	4624675	76821	16.61	24606306	1023519	41.6	1007265330	4734644	4.7	30156312	17592	0.58	0.35	0.33	31556701	49021	1.55	1.18	0.85	567848	34.50222036553116	0.7515783232840473	10.013599066262675	46.32139387494142	0.17211134798053868	0.47603580369992443	0.8011611058878086	0.4795969980305813	1.5923626078508681	2.0545058402608674	5.555541423832022	111645395	107505217	33232	31065	108148470	106598443	47237	113739
SRX19144493	11045373	13930328	13445049	74244259	7282413	98.09	4624675	187423	40.53	24606306	1806149	73.4	1007265330	3867190	3.84	30156312	22865	0.76	0.37	0.3	31556701	68131	2.16	1.33	0.92	485279	52.27739791913012	1.345431349498734	12.965588462812935	27.760940015195622	0.16413827441823337	0.36617228251911943	0.5365487445808886	0.4890839612678179	1.3219071367163788	1.6304784783244157	3.483615030457287	111645395	107505217	23734	28144	108148470	106598443	42985	116015
SRX19144494	27080214	33638599	32477839	74244259	16736289	225.42	4624675	410163	88.69	24606306	4183874	170.03	1007265330	10407647	10.33	30156312	54398	1.8	0.92	0.75	31556701	163627	5.19	3.24	2.24	1160760	49.75322842666545	1.219322481295966	12.437717753940941	30.93959709796475	0.1617130368598288	0.3782737800703293	0.5574964641066056	0.4864263223328653	1.3287206164561134	1.6419589888389823	3.4506787871873024	111645395	107505217	60288	72848	108148470	106598443	105369	283336
