Sample	total_records	qc_failed	optical_pcr_duplicate	non_primary_hits	unmapped_reads	mapq_lt_mapq_cut_non-unique	mapq_gte_mapq_cut_unique	read_1	read_2	reads_map_to_sense	reads_map_to_antisense	non-splice_reads	splice_reads	reads_mapped_in_proper_pairs	proper-paired_reads_map_to_different_chrom	unique_percent	proper_pairs_percent
SRX19144479	50208106	0	28599235	8119571	0	692094	12797206	6404929	6392277	6398465	6398741	9849238	2947968	12784210	0	25.488326526397948	25.46244225982155
SRX19144480	45167299	0	22792607	6394102	0	621546	15359044	7684022	7675022	7679517	7679527	12604411	2754633	15349564	0	34.00478740161106	33.98379876556267
SRX19144481	56331655	0	35414296	12832175	0	703373	7381811	3692965	3688846	3690866	3690945	6192125	1189686	7377504	0	13.10419692089643	13.096551130976003
SRX19144482	45783300	0	18010573	5015726	0	700458	22056543	11034956	11021587	11028268	11028275	19240679	2815864	22042448	0	48.17595717215666	48.145170837401416
SRX19144483	58327530	0	29772889	8410681	0	721368	19422592	9716213	9706379	9711186	9711406	14670886	4751706	19412184	0	33.29918479318428	33.28134073224085
SRX19144484	45293411	0	19832942	6000167	0	755987	18704315	9359437	9344878	9352030	9352285	15596960	3107355	18689030	0	41.29588517853071	41.26213854814335
SRX19144485	44541308	0	9120838	4997257	0	903927	29519286	14771558	14747728	14759554	14759732	25999022	3520264	29494228	0	66.27395405631106	66.21769616644396
SRX19144486	42559121	0	26015387	6311909	0	424604	9807221	4906335	4900886	4903618	4903603	7625588	2181633	9801430	0	23.04375835205807	23.03015139809866
SRX19144487	54243186	0	14566731	7523964	0	1051500	31100991	15564815	15536176	15550197	15550794	23341340	7759651	31071580	0	57.33621730847447	57.281996673278
SRX19144488	41797532	0	9690754	3585758	0	762114	27758906	13899156	13859750	13879135	13879771	23803693	3955213	27718440	0	66.41278724303626	66.31597291438163
SRX19144489	39645788	0	27854344	7979900	0	420729	3390815	1698362	1692453	1695375	1695440	2912076	478739	3384820	0	8.552774887460933	8.53765348288701
SRX19144490	48340353	0	11154823	6106814	0	903663	30175053	15116726	15058327	15087127	15087926	24355364	5819689	30115570	0	62.422078299676464	62.29902789497628
SRX19144491	36769026	0	20374484	5146867	0	465196	10782479	5396317	5386162	5391170	5391309	9266841	1515638	10771962	0	29.324896993464012	29.296294114508225
SRX19144492	17233068	0	5729732	2521991	0	406447	8574898	4292180	4282718	4287521	4287377	7647376	927522	8564944	0	49.75839473273128	49.70063368867343
SRX19144493	49608335	0	30913998	7648964	0	452330	10593043	5299609	5293434	5296540	5296503	8349553	2243490	10586564	0	21.353353221792265	21.340292916502843
SRX19144494	48860731	0	12797948	8982569	0	950825	26129389	13078619	13050770	13064446	13064943	20989877	5139512	26100634	0	53.47727810294119	53.418427161885894
