0	45.5599603799892	67.1010536860784	50.5131373681018	43.384038098665	53.5585882911111	53.7660779415799	44.0649088385554	34.2881513665591	47.7860679528033	68.7940838885757	43.149882765277	55.068134605046	64.2510554526854	44.8847039249604	38.3725500044767
45.5599603799892	0	61.2963590677834	47.2697353082832	44.1892687858962	49.7580845835367	47.494504504868	43.2057252643188	39.2413750242986	42.0957681166381	72.0088234181134	38.0652279338867	48.8290031573884	55.3827692927365	44.4931757007524	38.4894493163291
67.1010536860784	61.2963590677834	0	67.6009936589815	66.568713539552	56.6029463390836	66.9054398971048	65.9262239504378	64.1398640137597	66.5691193234605	79.6315034968465	65.3085037898753	67.7065427712717	71.4845492390607	65.1474181938926	62.3036403517831
50.5131373681018	47.2697353082832	67.6009936589815	0	53.5466131773132	49.2884257495976	36.1433980592843	49.4141489902833	47.3184913436633	36.7177333645559	74.3889756697451	44.3330010576313	49.6170186861497	51.9244791454908	48.3688281497639	42.6058533500834
43.384038098665	44.1892687858962	66.568713539552	53.5466131773132	0	51.4298426108034	54.7441810316662	43.3105967681513	35.8006954437326	47.2673533676353	74.5723197748691	42.5381314095641	44.7918257064529	63.9009853428022	46.6645407914152	37.8755091853232
53.5585882911111	49.7580845835367	56.6029463390836	49.2884257495976	51.4298426108034	0	50.3286490418308	52.3625164022724	49.2508657290579	45.6782326854517	67.7078427203718	48.5702714103348	51.9890228928829	60.2596451752885	53.9093329712484	48.3417323022605
53.7660779415799	47.494504504868	66.9054398971048	36.1433980592843	54.7441810316662	50.3286490418308	0	52.5675098434111	51.5447485819527	36.6356486156404	75.6214348533546	47.5496269896621	48.0215051669451	44.511922565535	51.4677890062915	44.7128754352874
44.0649088385554	43.2057252643188	65.9262239504378	49.4141489902833	43.3105967681513	52.3625164022724	52.5675098434111	0	36.4022694720311	44.1695410629816	73.3736891007364	37.7003705783435	51.3146821193581	62.638091162038	42.7846323396476	38.8607168379102
34.2881513665591	39.2413750242986	64.1398640137597	47.3184913436633	35.8006954437326	49.2508657290579	51.5447485819527	36.4022694720311	0	42.8200626923685	69.4640610761953	34.5805177537537	51.1861846247567	62.6821949962792	37.656383840261	31.8323159729438
47.7860679528033	42.0957681166381	66.5691193234605	36.7177333645559	47.2673533676353	45.6782326854517	36.6356486156404	44.1695410629816	42.8200626923685	0	72.459286091505	35.5995541251115	44.491870394382	51.1239000993649	46.4419667979688	38.6836634228483
68.7940838885757	72.0088234181134	79.6315034968465	74.3889756697451	74.5723197748691	67.7078427203718	75.6214348533546	73.3736891007364	69.4640610761953	72.459286091505	0	71.9453467427666	78.0247132946675	82.5333757758694	74.3397957316956	72.4373833739972
43.149882765277	38.0652279338867	65.3085037898753	44.3330010576313	42.5381314095641	48.5702714103348	47.5496269896621	37.7003705783435	34.5805177537537	35.5995541251115	71.9453467427666	0	47.5034065832348	58.7689588805358	39.7466017525117	32.5017165375255
55.068134605046	48.8290031573884	67.7065427712717	49.6170186861497	44.7918257064529	51.9890228928829	48.0215051669451	51.3146821193581	51.1861846247567	44.491870394382	78.0247132946675	47.5034065832348	0	57.5411834440013	52.503976242861	46.0771241115315
64.2510554526854	55.3827692927365	71.4845492390607	51.9244791454908	63.9009853428022	60.2596451752885	44.511922565535	62.638091162038	62.6821949962792	51.1239000993649	82.5333757758694	58.7689588805358	57.5411834440013	0	62.1399353858553	56.7801126284157
44.8847039249604	44.4931757007524	65.1474181938926	48.3688281497639	46.6645407914152	53.9093329712484	51.4677890062915	42.7846323396476	37.656383840261	46.4419667979688	74.3397957316956	39.7466017525117	52.503976242861	62.1399353858553	0	38.1399902827368
38.3725500044767	38.4894493163291	62.3036403517831	42.6058533500834	37.8755091853232	48.3417323022605	44.7128754352874	38.8607168379102	31.8323159729438	38.6836634228483	72.4373833739972	32.5017165375255	46.0771241115315	56.7801126284157	38.1399902827368	0
