Sample	pe_sense	pe_antisense	failed
SRX19144479	0.0121	0.925	0.0629
SRX19144480	0.0139	0.9359	0.0502
SRX19144481	0.0935	0.8565	0.0501
SRX19144482	0.0143	0.9573	0.0285
SRX19144483	0.0106	0.9166	0.0727
SRX19144484	0.0105	0.9337	0.0558
SRX19144485	0.0139	0.9452	0.0409
SRX19144486	0.0127	0.9319	0.0554
SRX19144487	0.0102	0.9551	0.0347
SRX19144488	0.0124	0.951	0.0366
SRX19144489	0.0557	0.8956	0.0487
SRX19144490	0.0101	0.9544	0.0355
SRX19144491	0.0155	0.9239	0.0606
SRX19144492	0.0123	0.9343	0.0533
SRX19144493	0.0104	0.9299	0.0597
SRX19144494	0.0167	0.9509	0.0325
