Sample	trim_galore_version	mode	total_reads	reads_with_adapter	reads_written	reads_too_short	reads_too_long	reads_too_many_n	reads_discarded_untrimmed	total_bp_processed	total_bp_written	quality_trimmed_bp	pairs_analyzed	pairs_removed	pairs_removed_n	pairs_removed_too_long	r1_unpaired	r2_unpaired	poly_a_reads_trimmed	poly_a_bases_removed	poly_g_reads_trimmed	poly_g_bases_removed	rrbs_trimmed_3prime	rrbs_trimmed_5prime	rrbs_r2_clipped_5prime
SRX19144479_1	2.3.0	paired-end	26193820	16347407	24752886	1440934	0	0	0	3929073000	3274110371	113159288	26193820	1440934	0	0	166560	26323	0	0	0	0	0	0	0
SRX19144479_2	2.3.0	paired-end	26193820	15785486	24752886	1440934	0	0	0	3929073000	3198521979	222834001	26193820	1440934	0	0	166560	26323	0	0	0	0	0	0	0
SRX19144480_1	2.3.0	paired-end	23320167	16344796	23192446	127721	0	0	0	3498025050	2898553891	37486677	23320167	127721	0	0	107906	1262	0	0	0	0	0	0	0
SRX19144480_2	2.3.0	paired-end	23320167	15916635	23192446	127721	0	0	0	3498025050	2854220714	111485868	23320167	127721	0	0	107906	1262	0	0	0	0	0	0	0
SRX19144481_1	2.3.0	paired-end	26361668	14411920	26256858	104810	0	0	0	3954250200	3502915748	26782336	26361668	104810	0	0	84990	603	0	0	0	0	0	0	0
SRX19144481_2	2.3.0	paired-end	26361668	13966441	26256858	104810	0	0	0	3954250200	3440734113	101721965	26361668	104810	0	0	84990	603	0	0	0	0	0	0	0
SRX19144482_1	2.3.0	paired-end	22879468	16093547	22773233	106235	0	0	0	3431920200	2860817022	30354273	22879468	106235	0	0	84637	1228	0	0	0	0	0	0	0
SRX19144482_2	2.3.0	paired-end	22879468	15591665	22773233	106235	0	0	0	3431920200	2818072493	97327733	22879468	106235	0	0	84637	1228	0	0	0	0	0	0	0
SRX19144483_1	2.3.0	paired-end	27230339	14250058	27047561	182778	0	0	0	4084550850	3761466145	36945596	27230339	182778	0	0	99685	2086	0	0	0	0	0	0	0
SRX19144483_2	2.3.0	paired-end	27230339	14112748	27047561	182778	0	0	0	4084550850	3704618257	111454201	27230339	182778	0	0	99685	2086	0	0	0	0	0	0	0
SRX19144484_1	2.3.0	paired-end	24089362	12763616	23978028	111334	0	0	0	3613404300	3274322666	21361786	24089362	111334	0	0	83996	1013	0	0	0	0	0	0	0
SRX19144484_2	2.3.0	paired-end	24089362	12333694	23978028	111334	0	0	0	3613404300	3215437117	95579907	24089362	111334	0	0	83996	1013	0	0	0	0	0	0	0
SRX19144485_1	2.3.0	paired-end	26997272	21209418	26880716	116556	0	0	0	4049590800	3125732121	61442805	26997272	116556	0	0	103081	1018	0	0	0	0	0	0	0
SRX19144485_2	2.3.0	paired-end	26997272	20560976	26880716	116556	0	0	0	4049590800	3101442827	121838723	26997272	116556	0	0	103081	1018	0	0	0	0	0	0	0
SRX19144486_1	2.3.0	paired-end	20677059	11260460	19938349	738710	0	0	0	3101558850	2765270638	65362699	20677059	738710	0	0	104314	12642	0	0	0	0	0	0	0
SRX19144486_2	2.3.0	paired-end	20677059	11081122	19938349	738710	0	0	0	3101558850	2720743489	127036448	20677059	738710	0	0	104314	12642	0	0	0	0	0	0	0
SRX19144487_1	2.3.0	paired-end	24876193	13460988	24741935	134258	0	0	0	3731428950	3415379393	15480789	24876193	134258	0	0	119480	789	0	0	0	0	0	0	0
SRX19144487_2	2.3.0	paired-end	24876193	13182509	24741935	134258	0	0	0	3731428950	3339487205	115999947	24876193	134258	0	0	119480	789	0	0	0	0	0	0	0
SRX19144488_1	2.3.0	paired-end	21521303	12587876	21392557	128746	0	0	0	3228195450	2936878636	13431147	21521303	128746	0	0	126100	499	0	0	0	0	0	0	0
SRX19144488_2	2.3.0	paired-end	21521303	12010660	21392557	128746	0	0	0	3228195450	2884243497	95292699	21521303	128746	0	0	126100	499	0	0	0	0	0	0	0
SRX19144489_1	2.3.0	paired-end	24591295	15002112	24322504	268791	0	0	0	3688694250	3150220379	84188497	24591295	268791	0	0	206921	1537	0	0	0	0	0	0	0
SRX19144489_2	2.3.0	paired-end	24591295	14124613	24322504	268791	0	0	0	3688694250	3073670682	201556684	24591295	268791	0	0	206921	1537	0	0	0	0	0	0	0
SRX19144490_1	2.3.0	paired-end	23345167	11862018	23176739	168428	0	0	0	3501775050	3288137520	11184467	23345167	168428	0	0	155852	758	0	0	0	0	0	0	0
SRX19144490_2	2.3.0	paired-end	23345167	11383738	23176739	168428	0	0	0	3501775050	3212123886	115840970	23345167	168428	0	0	155852	758	0	0	0	0	0	0	0
SRX19144491_1	2.3.0	paired-end	26877663	21016841	26628183	249480	0	0	0	4031649450	3030173604	193026850	26877663	249480	0	0	143346	2887	0	0	0	0	0	0	0
SRX19144491_2	2.3.0	paired-end	26877663	20404064	26628183	249480	0	0	0	4031649450	2998637424	269964227	26877663	249480	0	0	143346	2887	0	0	0	0	0	0	0
SRX19144492_1	2.3.0	paired-end	26198436	23205031	26067702	130734	0	0	0	3929765400	2605446256	123950780	26198436	130734	0	0	101793	1986	0	0	0	0	0	0	0
SRX19144492_2	2.3.0	paired-end	26198436	22418665	26067702	130734	0	0	0	3929765400	2597160172	186136984	26198436	130734	0	0	101793	1986	0	0	0	0	0	0	0
SRX19144493_1	2.3.0	paired-end	23075215	14847288	22918450	156765	0	0	0	3461282250	3104067128	14922229	23075215	156765	0	0	146522	551	0	0	0	0	0	0	0
SRX19144493_2	2.3.0	paired-end	23075215	14628967	22918450	156765	0	0	0	3461282250	3066692593	81736075	23075215	156765	0	0	146522	551	0	0	0	0	0	0	0
SRX19144494_1	2.3.0	paired-end	23092623	15717912	22872438	220185	0	0	0	3463893450	2915629968	83510678	23092623	220185	0	0	97690	3308	0	0	0	0	0	0	0
SRX19144494_2	2.3.0	paired-end	23092623	15391766	22872438	220185	0	0	0	3463893450	2873732895	150030633	23092623	220185	0	0	97690	3308	0	0	0	0	0	0	0
