Sample	custom_content_dupradar-dupRadar_intercept	picard_mark_duplicates-PERCENT_DUPLICATION	qualimap_rnaseq-5_3_bias	qualimap_rnaseq-reads_aligned	qualimap_rnaseq-reads_aligned_exonic	qualimap_rnaseq-reads_aligned_intronic	qualimap_rnaseq-reads_aligned_intergenic	qualimap_rnaseq-reads_aligned_overlapping_exon	rseqc_bam_stat-proper_pairs_percent	samtools_stats-error_rate	samtools_stats-non_primary_alignments	samtools_stats-reads_mapped	samtools_stats-reads_mapped_percent	samtools_stats-reads_properly_paired_percent	samtools_stats-reads_MQ0_percent	samtools_stats-raw_total_sequences	samtools_stats-insert_size_average	samtools_flagstat-flagstat_total	samtools_flagstat-mapped_passed	samtools_flagstat-mapped_passed_pct	star-total_reads	star-mapped	star-mapped_percent	star-uniquely_mapped	star-uniquely_mapped_percent	star-multimapped	fastqc_raw-percent_duplicates	fastqc_raw-percent_gc	fastqc_raw-avg_sequence_length	fastqc_raw-median_sequence_length	fastqc_raw-percent_fails	fastqc_raw-total_sequences	trim_galore-tg_pct_with_adapter	trim_galore-tg_pct_passing	trim_galore-tg_pct_quality_trimmed	trim_galore-tg_total_reads	trim_galore-tg_total_bp_written	fastqc_trimmed-percent_duplicates	fastqc_trimmed-percent_gc	fastqc_trimmed-avg_sequence_length	fastqc_trimmed-median_sequence_length	fastqc_trimmed-percent_fails	fastqc_trimmed-total_sequences
SRX19144479	0.652662362401741	67.95020000000001	1.05	21.006164	19.781729	11.472733	4.317062	1.353218	25.46244225982155	0.8941858	8.119570999999999	42.088535	100.0	99.81893643957909	0.9345823037081239	42.088535	787.2	50.208106	50.208106	100.0	24.752886	21.082371	85.17	18.628685	75.26	2.453686	59.8341318165198	51.5	150.0	150.0	27.27272727272727	52.38764	61.33678287473916	94.4989543335031	4.25943334347121	52.38764	6472.63235	58.3171192299952	52.0	130.59573191788627	147.0	18.181818181818183	49.505772
SRX19144479 Read 1																											64.87153314295779	51.0	150.0	150	27.27272727272727	26.19382						63.55844780318936	52.0	132.135163128049	147	18.181818181818183	24.752886
SRX19144479 Read 2																											54.796730490081806	52.0	150.0	150	27.27272727272727	26.19382						53.075790656801054	52.0	129.05630070772352	147	18.181818181818183	24.752886
SRX19144479_1																																	62.40940420297612	94.4989543335031	2.8800505360933735	26.19382	3274.1103709999998						
SRX19144479_2																																	60.26416154650219	94.4989543335031	5.671414122364232	26.19382	3198.5219789999996						
SRX19144480	0.599557624784171	58.784400000000005	1.03	19.360521	17.233836	15.545442	2.4670829999999997	0.9641839999999999	33.98379876556267	0.547242	6.394101999999999	38.773196999999996	100.0	99.86548697544852	0.7210934914652511	38.773196999999996	715.1	45.167299	45.167299	100.0	23.192446	19.412675999999998	83.71000000000001	17.718049	76.4	1.6946269999999999	50.81088465307519	49.5	150.0	150.0	27.27272727272727	46.640333999999996	69.17066888929226	99.45231524285397	2.121229487787284	46.640333999999996	5752.774605	50.89119615243803	50.0	123.87895388438115	139.5	22.727272727272727	46.384892
SRX19144480 Read 1																											54.99947185907071	49.0	150.0	150	36.36363636363637	23.320166999999998						54.97753346236426	50.0	124.84177018241198	142	27.27272727272727	23.192446
SRX19144480 Read 2																											46.62229744707969	50.0	150.0	150	18.181818181818183	23.320166999999998						46.80485884251178	50.0	122.91613758635032	137	18.181818181818183	23.192446
SRX19144480_1																																	70.0886747509141	99.45231524285397	1.071652617238976	23.320166999999998	2898.553891						
SRX19144480_2																																	68.25266302767042	99.45231524285397	3.187108908782686	23.320166999999998	2854.220714						
SRX19144481	0.094338691083814	81.4131	1.05	21.723793	11.380663	10.263869999999999	7.008671	3.230323	13.096551130976003	1.352684	12.832175	43.49948	100.0	99.88070202218509	1.2911855498042735	43.49948	253.8	56.331655	56.331655	100.0	26.256857999999998	21.775686999999998	82.93	17.965598999999997	68.42	3.810088	78.48108134415531	56.0	150.0	150.0	36.36363636363637	52.723335999999996	53.82504817221733	99.6024151430782	1.6164025625678493	52.723335999999996	6943.649861	78.55350123176194	57.0	132.11322235318482	147.0	22.727272727272727	52.513715999999995
SRX19144481 Read 1																											81.83145153146656	56.0	150.0	150	36.36363636363637	26.361667999999998						81.89238770694821	57.0	133.31219672209068	147	18.181818181818183	26.256857999999998
SRX19144481 Read 2																											75.1307111568441	56.0	150.0	150	36.36363636363637	26.361667999999998						75.21461475657568	57.0	130.914247984279	147	27.27272727272727	26.256857999999998
SRX19144481_1																																	54.669985222482886	99.6024151430782	0.6773050425590166	26.361667999999998	3502.915748						
SRX19144481_2																																	52.980111121951765	99.6024151430782	2.5724716407676986	26.361667999999998	3440.734113						
SRX19144482	0.350350483080256	44.1787	0.93	20.359182	14.402158	20.639176	3.116815	0.9325519999999999	48.145170837401416	0.5475825999999999	5.015726	40.767573999999996	100.0	99.87929132108768	0.6132422792683224	40.767573999999996	539.8	45.7833	45.7833	100.0	22.773232999999998	20.408392	89.61	19.157718	84.12	1.2506739999999998	40.64956907885844	47.5	150.0	150.0	13.636363636363635	45.758936	69.2437691295969	99.5356753924523	1.8528679999252746	45.758936	5678.889515	40.61360604386582	47.0	124.53898255245534	139.5	18.181818181818183	45.546465999999995
SRX19144482 Read 1																											44.17453190684623	47.0	150.0	150	18.181818181818183	22.879468						44.053331072216075	47.0	125.48011211232064	142	18.181818181818183	22.773232999999998
SRX19144482 Read 2																											37.12460625087065	48.0	150.0	150	9.090909090909092	22.879468						37.17388101551556	47.0	123.59785299259003	137	18.181818181818183	22.773232999999998
SRX19144482_1																																	70.34056473690734	99.5356753924523	0.8844690794383856	22.879468	2860.8170219999997						
SRX19144482_2																																	68.14697352228644	99.5356753924523	2.8359555971027532	22.879468	2818.0724929999997						
SRX19144483	0.5854867911266	59.645	1.03	24.932729	26.645108	14.947669	2.695071	1.51763	33.28134073224085	0.5163763	8.410681	49.916849	100.0	99.8970467867473	0.5058732773777447	49.916849	897.7	58.327529999999996	58.327529999999996	100.0	27.047560999999998	24.984119999999997	92.37	22.271566999999997	82.34	2.7125529999999998	55.469741930858135	49.5	150.0	150.0	22.727272727272727	54.460677999999994	52.07942141300555	99.32877075088929	1.8096540197407962	54.460677999999994	7466.0844019999995	55.32475000502829	49.0	137.82328082188263	147.0	18.181818181818183	54.095121999999996
SRX19144483 Read 1																											57.915380903250416	49.0	150.0	150	27.27272727272727	27.230338999999997						57.65667600927644	49.0	138.89227888237318	147	18.181818181818183	27.047560999999998
SRX19144483 Read 2																											53.02410295846585	50.0	150.0	150	18.181818181818183	27.230338999999997						52.99282400078015	49.0	136.75428276139206	147	18.181818181818183	27.047560999999998
SRX19144483_1																																	52.331548277823494	99.32877075088929	0.9045204076722414	27.230338999999997	3761.466145						
SRX19144483_2																																	51.827294548187595	99.32877075088929	2.728677034342711	27.230338999999997	3704.6182569999996						
SRX19144484	0.112356427484748	50.4742	0.98	19.62086	12.720989999999999	14.929302999999999	6.33564	1.678323	41.26213854814335	1.053431	6.000166999999999	39.293244	100.0	99.86887313249066	0.8220878886965911	39.293244	531.9	45.293411	45.293411	100.0	23.978028	19.672383999999997	82.05	17.913	74.71	1.7593839999999998	55.18987133090092	53.5	150.0	150.0	31.818181818181817	48.178723999999995	52.09210189958539	99.53782918783818	1.6088466313905079	48.178723999999995	6489.7597829999995	55.37437755947829	54.0	135.18606991992837	147.0	27.27272727272727	47.956056
SRX19144484 Read 1																											58.54887497158195	53.0	150.0	150	36.36363636363637	24.089361999999998						58.55895997876431	54.0	136.42927867129023	147	27.27272727272727	23.978028
SRX19144484 Read 2																											51.830867690219904	54.0	150.0	150	27.27272727272727	24.089361999999998						52.18979514019229	54.0	133.94286116856648	147	27.27272727272727	23.978028
SRX19144484_1																																	52.98445014857596	99.53782918783818	0.5911817285433573	24.089361999999998	3274.322666						
SRX19144484_2																																	51.199753650594815	99.53782918783818	2.645148426928036	24.089361999999998	3215.437117						
SRX19144485	0.112879364932644	23.064999999999998	0.97	19.748687999999998	13.630215	20.404854	3.056117	0.794631	66.21769616644396	0.4836124	4.997256999999999	39.544050999999996	100.0	99.88196707514867	0.6743062312963334	39.544050999999996	478.1	44.541308	44.541308	100.0	26.880716	19.795363	73.64	18.625373	69.29	1.1699899999999999	40.46616609767372	51.0	150.0	150.0	22.727272727272727	53.994544	77.36039774685383	99.56826749013752	2.2600549146887463	53.994544	6227.174948	40.476366691776725	52.0	115.72225405007813	119.5	18.181818181818183	53.761432
SRX19144485 Read 1																											42.317082961657384	51.0	150.0	150	27.27272727272727	26.997272						42.26675706517401	52.0	116.17811034125728	122	18.181818181818183	26.880716
SRX19144485 Read 2																											38.61524923369005	51.0	150.0	150	18.181818181818183	26.997272						38.685976318379446	52.0	115.26639775889898	117	18.181818181818183	26.880716
SRX19144485_1																																	78.56133760477725	99.56826749013752	1.5172595957102628	26.997272	3125.732121						
SRX19144485_2																																	76.1594578889304	99.56826749013752	3.008667517715617	26.997272	3101.442827						
SRX19144486	0.985273475758203	71.77210000000001	1.01	18.103749	17.962982	12.047905	2.087565	1.014811	23.03015139809866	0.5090648	6.311909	36.247212	100.0	99.89043571130381	0.510745488508192	36.247212	889.4	42.559121	42.559121	100.0	19.938349	18.143463	91.0	16.133962	80.92	2.0095009999999998	59.16404959397628	48.0	150.0	150.0	31.818181818181817	41.354118	54.025047759451674	96.42739327677113	3.0935826506727264	41.354118	5486.0141269999995	58.31522707892754	48.0	137.37069684154892	147.0	18.181818181818183	39.876698
SRX19144486 Read 1																											62.84641434687248	48.0	150.0	150	36.36363636363637	20.677059						61.89977208640724	48.0	138.5002720134952	147	18.181818181818183	19.938349
SRX19144486 Read 2																											55.48168484108007	48.0	150.0	150	27.27272727272727	20.677059						54.73068207144785	48.0	136.24112166960262	147	18.181818181818183	19.938349
SRX19144486_1																																	54.45871194738091	96.42739327677113	2.1074144377431367	20.677059	2765.270638						
SRX19144486_2																																	53.59138357152243	96.42739327677113	4.095890297229086	20.677059	2720.743489						
SRX19144487	0.130091431987402	31.179299999999998	1.03	23.315877	26.640442	12.556011	2.461627	1.410946	57.281996673278	0.6059969000000001	7.523963999999999	46.719221999999995	100.0	99.81277941657505	0.4337037119325317	46.719221999999995	950.1	54.243185999999994	54.243185999999994	100.0	24.741934999999998	23.403344999999998	94.59	20.962111	84.72	2.4412339999999997	38.76910454791773	48.5	150.0	150.0	13.636363636363635	49.752385999999994	53.55219948647287	99.46029523086591	1.7466684510159436	49.752385999999994	6754.866598	38.72656873664448	48.0	136.31694696675908	147.0	9.090909090909092	49.483869999999996
SRX19144487 Read 1																											42.693729374966395	48.0	150.0	150	18.181818181818183	24.876192999999997						42.52878328178576	48.0	137.86530463361092	147	9.090909090909092	24.741934999999998
SRX19144487 Read 2																											34.84447972086906	49.0	150.0	150	9.090909090909092	24.876192999999997						34.9243541915032	48.0	134.76858929990723	147	9.090909090909092	24.741934999999998
SRX19144487_1																																	54.111929425857085	99.46029523086591	0.41487562023658525	24.876192999999997	3415.3793929999997						
SRX19144487_2																																	52.99246954708865	99.46029523086591	3.1087272075755323	24.876192999999997	3339.487205						
SRX19144488	0.152721486788401	25.360599999999998	0.99	19.067269	14.291872	19.157459	2.7026	0.9252659999999999	66.31597291438163	0.5604872000000001	3.585758	38.211774	100.0	99.79787381763538	0.41830824185236726	38.211774	644.4	41.797532	41.797532	100.0	21.392557	19.144505	89.5	18.16364	84.91	0.980865	28.110471871148995	47.0	150.0	150.0	13.636363636363635	43.042606	57.14927204918773	99.4017741397907	1.672507872388181	43.042606	5821.122133	28.149748097868127	46.0	135.85463875356274	147.0	9.090909090909092	42.785114
SRX19144488 Read 1																											31.381343084007113	47.0	150.0	150	18.181818181818183	21.521303						31.314753351240796	46.0	137.08763174032913	147	9.090909090909092	21.392557
SRX19144488 Read 2																											24.839600658290877	47.0	150.0	150	9.090909090909092	21.521303						24.984742844495457	46.0	134.62164576679638	147	9.090909090909092	21.392557
SRX19144488_1																																	58.4903060934554	99.4017741397907	0.41605742923651046	21.521303	2936.878636						
SRX19144488_2																																	55.80823800492006	99.4017741397907	2.9518875320885543	21.521303	2884.243497						
SRX19144489	0.566723406475837	87.9632	1.01	15.794889	6.313092999999999	8.258739	5.795179	1.470133	8.53765348288701	1.708757	7.9799	31.665888	100.0	99.75964672141832	1.7177980292231185	31.665888	568.9	39.645787999999996	39.645787999999996	100.0	24.322504	15.870999	65.25	13.483044999999999	55.43	2.3879539999999997	81.14250727959552	56.0	150.0	150.0	40.909090909090914	49.18259	59.22161683636425	98.90696687588027	3.853689294055719	49.18259	6223.891060999999	81.34588092085308	57.0	127.79759244771837	144.5	36.36363636363637	48.645008
SRX19144489 Read 1																											86.48429172759501	56.0	150.0	150	45.45454545454545	24.591295						86.71419987709893	57.0	129.37649532301444	147	36.36363636363637	24.322504
SRX19144489 Read 2																											75.80072283159603	56.0	150.0	150	36.36363636363637	24.591295						75.97756196460722	57.0	126.2186895724223	142	36.36363636363637	24.322504
SRX19144489_1																																	61.00578273734669	98.90696687588027	2.2823387164712825	24.591295	3150.220379						
SRX19144489_2																																	57.43745093538181	98.90696687588027	5.4641743213062455	24.591295	3073.670682						
SRX19144490	0.129809894889322	26.412200000000002	1.04	21.053864	18.92223	16.835795	2.6149	1.176952	62.29902789497628	0.5786779	6.106814	42.233539	100.0	99.70210642304923	0.608248813815958	42.233539	825.7	48.340353	48.340353	100.0	23.176738999999998	21.179675	91.38	19.311218999999998	83.32	1.868456	30.440685221385493	47.0	150.0	150.0	13.636363636363635	46.690334	49.787084410233604	99.27853161213197	1.7962545975428044	46.690334	6500.261406	30.360403493995523	47.0	140.0114805948326	147.0	9.090909090909092	46.353477999999996
SRX19144490 Read 1																											34.30252710489843	47.0	150.0	150	18.181818181818183	23.345167						34.09314715426251	47.0	141.65663152611762	147	9.090909090909092	23.176738999999998
SRX19144490 Read 2																											26.578843337872556	47.0	150.0	150	9.090909090909092	23.345167						26.627659833728544	47.0	138.3663296635476	147	9.090909090909092	23.176738999999998
SRX19144490_1																																	50.81145060988426	99.27853161213197	0.31939421694149084	23.345167	3288.1375199999998						
SRX19144490_2																																	48.762718210582946	99.27853161213197	3.308064291565502	23.345167	3212.123886						
SRX19144491	0.756710270430285	64.43100000000001	1.0	15.790626	11.833274999999999	14.771075	2.261003	0.708531	29.296294114508225	0.5394718	5.146866999999999	31.622159	100.0	99.87063818128294	0.7296276006960815	31.622159	551.9	36.769026	36.769026	100.0	26.628183	15.831532999999999	59.45	14.50451	54.47	1.3270229999999998	65.0241445381022	55.0	150.0	150.0	40.909090909090914	53.755326	77.0545136308912	99.07179429997318	5.736964858772516	53.755326	6028.811028	65.25374757252455	56.0	113.04744326715796	112.0	36.36363636363637	53.256366
SRX19144491 Read 1																											68.51132007709484	55.0	150.0	150	45.45454545454545	26.877663						68.5392276220461	56.0	113.64401326218916	112	36.36363636363637	26.628183
SRX19144491 Read 2																											61.53696899910958	55.0	150.0	150	36.36363636363637	26.877663						61.96826752300301	56.0	112.45087327212676	112	36.36363636363637	26.628183
SRX19144491_1																																	78.19445090892017	99.07179429997318	4.787788531564916	26.877663	3030.173604						
SRX19144491_2																																	75.91457635286223	99.07179429997318	6.696123518377819	26.877663	2998.637424						
SRX19144492	0.271050457975225	38.9484	0.83	7.345041999999999	4.772787	7.427334	1.318277	0.285308	49.70063368867343	0.5868529	2.521991	14.711077	100.0	99.85729800748103	0.9802001580169827	14.711077	434.3	17.233068	17.233068	100.0	26.067702	7.366035	28.25	6.804328	26.1	0.561707	74.08629346178233	63.0	150.0	150.0	40.909090909090914	52.396871999999995	87.07331994932828	99.50098547867513	3.9441123039422563	52.396871999999995	5202.606428	74.30370922899121	68.0	99.72057236767553	97.0	36.36363636363637	52.135404
SRX19144492 Read 1																											76.45454568040606	63.0	150.0	150	36.36363636363637	26.198435999999997						76.40758928687752	68.0	99.88422186198078	97	36.36363636363637	26.067702
SRX19144492 Read 2																											71.71804124315862	63.0	150.0	150	45.45454545454545	26.198435999999997						72.19982917110488	68.0	99.55692287337027	97	36.36363636363637	26.067702
SRX19144492_1																																	88.57410801163856	99.50098547867513	3.154152153713807	26.198435999999997	2605.4462559999997						
SRX19144492_2																																	85.57253188701799	99.50098547867513	4.736592774723906	26.198435999999997	2597.160172						
SRX19144493	1.04422981019894	73.676	1.07	20.960558	21.113281999999998	14.537007	2.4099299999999997	1.065289	21.340292916502843	0.448407	7.648963999999999	41.959371	100.0	99.90882847123709	0.9250925138987426	41.959371	762.5	49.608335	49.608335	100.0	22.91845	20.998813	91.62	19.133193	83.48	1.8656199999999998	59.564428610557485	48.0	150.0	150.0	22.727272727272727	46.15043	63.86994660721471	99.32063471564621	1.3904331487944208	46.15043	6170.759720999999	59.65447777314496	47.0	134.46204167384792	147.0	18.181818181818183	45.8369
SRX19144493 Read 1																											61.74737131762462	48.0	150.0	150	27.27272727272727	23.075215						61.64219745689831	47.0	135.28980980389161	147	18.181818181818183	22.91845
SRX19144493 Read 2																											57.38148590349036	48.0	150.0	150	18.181818181818183	23.075215						57.666758089391614	47.0	133.63427354380423	147	18.181818181818183	22.91845
SRX19144493_1																																	64.34301045515718	99.32063471564621	0.43111852551175217	23.075215	3104.0671279999997						
SRX19144493_2																																	63.39688275927223	99.32063471564621	2.3614391747451395	23.075215	3066.6925929999998						
SRX19144494	0.132783372631541	32.0926	1.01	19.906302999999998	18.230065	13.775072	2.478916	1.03162	53.418427161885894	0.5241487	8.982569	39.878161999999996	100.0	99.83560927406835	0.7570810309662718	39.878161999999996	708.2	48.860731	48.860731	100.0	22.872438	19.971859	87.31	17.344981999999998	75.83	2.626877	38.540419752115135	49.0	150.0	150.0	22.727272727272727	46.185246	67.35847634112417	99.04651368534445	3.3641322362221593	46.185246	5789.362862999999	38.37613348904774	49.0	126.39666212014653	139.5	18.181818181818183	45.744876
SRX19144494 Read 1																											41.362249030562914	49.0	150.0	150	27.27272727272727	23.092623						41.12143500074964	49.0	127.32279809874225	142	18.181818181818183	22.872438
SRX19144494 Read 2																											35.71859047366735	49.0	150.0	150	18.181818181818183	23.092623						35.630831977345835	49.0	125.4705261415508	137	18.181818181818183	22.872438
SRX19144494_1																																	68.06464557967278	99.04651368534445	2.4108904966461946	23.092623	2915.6299679999997						
SRX19144494_2																																	66.65230710257558	99.04651368534445	4.33127159266403	23.092623	2873.7328949999996						
