Sample	Exonic	Intronic	Intergenic
SRX19144479	19781729.0	11472733.0	4317062.0
SRX19144480	17233836.0	15545442.0	2467083.0
SRX19144481	11380663.0	10263870.0	7008671.0
SRX19144482	14402158.0	20639176.0	3116815.0
SRX19144483	26645108.0	14947669.0	2695071.0
SRX19144484	12720990.0	14929303.0	6335640.0
SRX19144485	13630215.0	20404854.0	3056117.0
SRX19144486	17962982.0	12047905.0	2087565.0
SRX19144487	26640442.0	12556011.0	2461627.0
SRX19144488	14291872.0	19157459.0	2702600.0
SRX19144489	6313093.0	8258739.0	5795179.0
SRX19144490	18922230.0	16835795.0	2614900.0
SRX19144491	11833275.0	14771075.0	2261003.0
SRX19144492	4772787.0	7427334.0	1318277.0
SRX19144493	21113282.0	14537007.0	2409930.0
SRX19144494	18230065.0	13775072.0	2478916.0
