Sample	0	1	2	3	4	5	6	7	8	9	10	11	12	13	14	15	16	17	18	19
SRX19144479	(5.0, 13.651482952970525)	(10.0, 23.80578397856417)	(15.0, 32.53256952785734)	(20.0, 39.80412085373741)	(25.0, 46.415042040099785)	(30.0, 52.62866118451446)	(35.0, 58.10311373925899)	(40.0, 63.23108195509563)	(45.0, 67.75385752563984)	(50.0, 72.01330499861406)	(55.0, 76.05100249468724)	(60.0, 79.57128337799132)	(65.0, 82.99916843758662)	(70.0, 85.87267855492932)	(75.0, 88.75080846345745)	(80.0, 91.61969878961472)	(85.0, 93.91111521759217)	(90.0, 96.248729557424)	(95.0, 98.2444793495334)	(100.0, 100.0)
SRX19144480	(5.0, 13.716115855922762)	(10.0, 24.215558856294095)	(15.0, 32.56591162272559)	(20.0, 40.452098031934646)	(25.0, 47.24285183809877)	(30.0, 53.36056442629038)	(35.0, 58.95841069439287)	(40.0, 64.18492387671742)	(45.0, 68.81266245822503)	(50.0, 73.12012625324917)	(55.0, 76.90308206461195)	(60.0, 80.74173783884144)	(65.0, 84.17656888228741)	(70.0, 87.26327515781657)	(75.0, 89.95544002970665)	(80.0, 92.37838841440772)	(85.0, 94.67137021908653)	(90.0, 96.74155217229855)	(95.0, 98.48681767545489)	(100.0, 100.0)
SRX19144481	(5.0, 13.342959062340752)	(10.0, 22.59215219976219)	(15.0, 30.193647018855103)	(20.0, 37.55732970952947)	(25.0, 44.06319007983693)	(30.0, 50.25479870901987)	(35.0, 55.503652114829286)	(40.0, 60.45524036011551)	(45.0, 65.44080176660438)	(50.0, 69.83183285204689)	(55.0, 73.73874639035162)	(60.0, 77.34839476813318)	(65.0, 81.03448275862068)	(70.0, 84.46577204008832)	(75.0, 87.50636996772549)	(80.0, 90.38559537965007)	(85.0, 92.89960930864616)	(90.0, 95.79582130117207)	(95.0, 97.90215729573637)	(100.0, 100.0)
SRX19144482	(5.0, 13.611715981384227)	(10.0, 24.170616113744074)	(15.0, 32.748388198625165)	(20.0, 40.403911020024765)	(25.0, 47.22257802826523)	(30.0, 53.25135562102387)	(35.0, 58.69945775159045)	(40.0, 64.12194184706033)	(45.0, 69.10038000085393)	(50.0, 73.20780496135946)	(55.0, 77.387814354639)	(60.0, 81.09815977114555)	(65.0, 84.36018957345972)	(70.0, 87.38738738738739)	(75.0, 90.1882925579608)	(80.0, 92.55369113189019)	(85.0, 94.94897741343239)	(90.0, 96.7763972503309)	(95.0, 98.4842662567781)	(100.0, 100.0)
SRX19144483	(5.0, 14.049140491404914)	(10.0, 24.228242282422823)	(15.0, 32.84732847328473)	(20.0, 40.19740197401974)	(25.0, 46.92046920469205)	(30.0, 53.13653136531365)	(35.0, 58.52758527585276)	(40.0, 63.45663456634566)	(45.0, 68.22368223682237)	(50.0, 72.36972369723698)	(55.0, 76.24876248762487)	(60.0, 79.74979749797498)	(65.0, 83.19083190831908)	(70.0, 86.36186361863619)	(75.0, 89.13389133891339)	(80.0, 91.5759157591576)	(85.0, 94.0149401494015)	(90.0, 96.2919629196292)	(95.0, 98.2329823298233)	(100.0, 100.0)
SRX19144484	(5.0, 13.70954425363276)	(10.0, 23.52212681638045)	(15.0, 31.9971928665786)	(20.0, 39.44848084544254)	(25.0, 46.111294583883755)	(30.0, 52.138375165125495)	(35.0, 57.789795244385736)	(40.0, 62.78484147952444)	(45.0, 67.35468956406869)	(50.0, 71.51585204755614)	(55.0, 75.47886393659181)	(60.0, 79.18593130779392)	(65.0, 82.54623513870541)	(70.0, 85.86525759577279)	(75.0, 88.89531043593131)	(80.0, 91.6116248348745)	(85.0, 93.97291941875825)	(90.0, 96.21449801849406)	(95.0, 98.16297886393659)	(100.0, 100.0)
SRX19144485	(5.0, 14.436724936500822)	(10.0, 25.067234424025102)	(15.0, 34.34184969370985)	(20.0, 42.25310025399671)	(25.0, 49.32392051396982)	(30.0, 55.449723591812344)	(35.0, 61.11982668459584)	(40.0, 66.1512027491409)	(45.0, 70.70073210817272)	(50.0, 75.16808606006275)	(55.0, 79.04900642462275)	(60.0, 82.6497833557448)	(65.0, 85.86582997161213)	(70.0, 88.91005528163753)	(75.0, 91.34917077543702)	(80.0, 93.60525922605707)	(85.0, 95.5289108023308)	(90.0, 97.19483041984162)	(95.0, 98.67398774839384)	(100.0, 100.0)
SRX19144486	(5.0, 12.465767853381083)	(10.0, 22.045502422582683)	(15.0, 30.329681904360648)	(20.0, 37.392037076048034)	(25.0, 44.022540551927534)	(30.0, 50.231725300189595)	(35.0, 55.724668211502)	(40.0, 60.79102591110175)	(45.0, 65.62039182641668)	(50.0, 69.98104065725721)	(55.0, 73.98883505371813)	(60.0, 78.1546239730356)	(65.0, 81.62523699178429)	(70.0, 84.7535285443438)	(75.0, 87.68696018538024)	(80.0, 90.45713081946492)	(85.0, 93.285232778597)	(90.0, 95.7657467874447)	(95.0, 98.01980198019803)	(100.0, 100.0)
SRX19144487	(5.0, 14.791675551196214)	(10.0, 24.804895731161242)	(15.0, 33.33830866987931)	(20.0, 40.81623949848608)	(25.0, 47.30265682971555)	(30.0, 53.275192971981745)	(35.0, 58.473708900166315)	(40.0, 63.27988400358224)	(45.0, 67.82378779478869)	(50.0, 72.0265256514137)	(55.0, 75.96699219582925)	(60.0, 79.56629280566335)	(65.0, 83.00140730948014)	(70.0, 86.11028188835344)	(75.0, 88.84387393918718)	(80.0, 91.43673504200605)	(85.0, 93.92937865154164)	(90.0, 96.13203121668302)	(95.0, 98.1598362403514)	(100.0, 100.0)
SRX19144488	(5.0, 14.096524460550157)	(10.0, 24.559380662164386)	(15.0, 33.12139680448032)	(20.0, 40.49744687860319)	(25.0, 46.984022401581285)	(30.0, 53.04233239993411)	(35.0, 58.688848624608795)	(40.0, 63.77861966727063)	(45.0, 68.37423818151869)	(50.0, 72.45264371602701)	(55.0, 76.26091253500248)	(60.0, 79.72327458408829)	(65.0, 83.16257618184812)	(70.0, 86.20985010706639)	(75.0, 89.09240652281338)	(80.0, 91.7443584253006)	(85.0, 94.17229451490694)	(90.0, 96.15549332894086)	(95.0, 98.18151869543732)	(100.0, 100.0)
SRX19144489	(5.0, 15.277067348678601)	(10.0, 24.075021312872977)	(15.0, 31.918158567774935)	(20.0, 38.908780903665814)	(25.0, 45.06393861892583)	(30.0, 50.53708439897698)	(35.0, 55.94202898550725)	(40.0, 61.14236999147485)	(45.0, 66.25745950554135)	(50.0, 70.50298380221653)	(55.0, 75.00426257459506)	(60.0, 78.02216538789429)	(65.0, 81.34697357203751)	(70.0, 84.92753623188406)	(75.0, 87.89428815004263)	(80.0, 91.03154305200341)	(85.0, 93.64023870417732)	(90.0, 95.87382779198636)	(95.0, 98.17561807331629)	(100.0, 100.0)
SRX19144490	(5.0, 14.29553264604811)	(10.0, 24.830633284241532)	(15.0, 33.10260186548847)	(20.0, 40.40009818360334)	(25.0, 46.91703485517918)	(30.0, 52.771232204221896)	(35.0, 58.21060382916053)	(40.0, 63.11487481590574)	(45.0, 67.64604810996563)	(50.0, 71.91703485517918)	(55.0, 75.9278350515464)	(60.0, 79.52380952380952)	(65.0, 82.83996072655866)	(70.0, 85.82965144820815)	(75.0, 88.72852233676976)	(80.0, 91.37211585665194)	(85.0, 93.82425135002454)	(90.0, 96.01865488463427)	(95.0, 98.12960235640648)	(100.0, 100.0)
SRX19144491	(5.0, 13.136821758939666)	(10.0, 23.02222835841502)	(15.0, 31.485572276680934)	(20.0, 39.1067237332597)	(25.0, 45.78903769156427)	(30.0, 52.008836117630814)	(35.0, 57.828247963551014)	(40.0, 63.57172442358139)	(45.0, 68.14855722766809)	(50.0, 72.33190666850753)	(55.0, 76.50835289244787)	(60.0, 80.27060610244374)	(65.0, 83.80505315477012)	(70.0, 87.02885544663813)	(75.0, 89.77633577246998)	(80.0, 92.3857517603203)	(85.0, 94.843296976391)	(90.0, 96.7209719729394)	(95.0, 98.40535689631368)	(100.0, 100.0)
SRX19144492	(5.0, 12.851159464705281)	(10.0, 22.63765451016447)	(15.0, 31.014403922770455)	(20.0, 38.808867095719684)	(25.0, 45.908673000306464)	(30.0, 52.191235059760956)	(35.0, 58.39207273470222)	(40.0, 63.56114005516396)	(45.0, 68.54632751047093)	(50.0, 72.90836653386454)	(55.0, 77.19889672080907)	(60.0, 80.96843395648176)	(65.0, 84.4212892021657)	(70.0, 87.70048013075902)	(75.0, 90.43824701195219)	(80.0, 92.79803861477168)	(85.0, 95.05567473694964)	(90.0, 97.0477066094596)	(95.0, 98.75370313617326)	(100.0, 100.0)
SRX19144493	(5.0, 13.487303099949548)	(10.0, 23.667245921856605)	(15.0, 32.40091933404339)	(20.0, 40.030270755087166)	(25.0, 46.549694489601436)	(30.0, 52.69353663321935)	(35.0, 58.42255731823533)	(40.0, 63.44526038455071)	(45.0, 68.36706093390885)	(50.0, 72.75071472616177)	(55.0, 77.06149447839005)	(60.0, 80.60429396266606)	(65.0, 83.99013397611974)	(70.0, 87.14614047872638)	(75.0, 90.03867929816694)	(80.0, 92.43791692359437)	(85.0, 94.71943494590504)	(90.0, 96.67582263579797)	(95.0, 98.43040529177644)	(100.0, 100.0)
SRX19144494	(5.0, 15.056945565420142)	(10.0, 25.82429079604221)	(15.0, 34.72334319791947)	(20.0, 42.459570143185964)	(25.0, 49.36179116970077)	(30.0, 55.52566287029564)	(35.0, 61.049831106328284)	(40.0, 66.01799539652647)	(45.0, 70.73506113054135)	(50.0, 74.98879024302754)	(55.0, 78.89277493797267)	(60.0, 82.36331569664902)	(65.0, 85.42133739873853)	(70.0, 88.1983678593848)	(75.0, 90.76614952321167)	(80.0, 93.19642483484292)	(85.0, 95.2141810898873)	(90.0, 97.00774220548232)	(95.0, 98.6339042836218)	(100.0, 100.0)
