Sample	5.0	10.0	15.0	20.0	25.0	30.0	35.0	40.0	45.0	50.0	55.0	60.0	65.0	70.0	75.0	80.0	85.0	90.0	95.0	100.0
SRX19144479	43.294669946187554	58.814128575530944	67.65759804227585	73.58633089033998	77.95250521269024	81.44719263855768	84.32384852608843	86.70857628007441	88.71124817399773	90.43237236712322	91.94561322462637	93.3002884147179	94.51512616583221	95.52457767844881	96.49095426566616	97.38741213339493	98.13217135080468	98.8425954827513	99.44314734121583	100.0
SRX19144480	42.790266307468094	58.45704443505088	67.36550558040643	73.49101898410736	77.9957224244642	81.48907577870172	84.36413650387064	86.80828512122952	88.8675781225355	90.6612576576804	92.19752556766204	93.57606576614658	94.80129462905597	95.86311758285437	96.75711825161986	97.58234963817263	98.34322811843458	98.98991173557265	99.53186415227664	100.0
SRX19144481	30.569335620566555	46.347381272505295	56.7589287094132	64.40261486392508	70.21574172809743	74.92466039222958	78.77663931259369	82.03285579612715	84.77212666326673	87.22240252213825	89.32418440045126	91.11378985272073	92.71253496530514	94.11501074072356	95.4270789868175	96.55446860463319	97.53581529046316	98.45843571792851	99.25355834762854	100.0
SRX19144482	42.65726928797576	58.38450666847702	67.4000654195802	73.4075578130111	77.89558788133135	81.34554498830471	84.20487437589104	86.62046151662337	88.7428948781406	90.51662953385463	92.1385413902278	93.49815775993483	94.72570063753233	95.81746702791442	96.80122939437516	97.62576297128328	98.39598595330523	99.00574581407261	99.5389771093186	100.0
SRX19144483	48.952970755014746	62.84515504086897	70.32183632821429	75.42256663655459	79.15954679524157	82.23261028091294	84.75930299633214	86.84846374035416	88.77817564405359	90.45048378846091	91.9116446630895	93.21553347337259	94.38827153103539	95.46359886372294	96.45620870928069	97.27794164063606	98.0915116620773	98.82018742041163	99.45362922974782	100.0
SRX19144484	44.50001814377124	59.6174083437156	68.20304089606039	73.91651446058567	78.15913296965152	81.5423415141582	84.30261391264379	86.60263931392353	88.55732826920519	90.24227982533596	91.7627278555272	93.10052858853555	94.29075998209815	95.3842245956963	96.37971284458045	97.2669432583794	98.0574068922139	98.78920566569496	99.42000411258815	100.0
SRX19144485	45.689175526027675	60.67281287952665	69.21010595337094	74.9947651496569	79.27657359601314	82.58140940119294	85.32327444375976	87.6535306822057	89.60149327845215	91.33467744347857	92.83214377591251	94.14953125654357	95.29880525758455	96.32064804455905	97.15702756223489	97.92340965246576	98.58868434749834	99.13909146928788	99.59796349364937	100.0
SRX19144486	39.2142833699826	55.108470904854116	64.58958285470479	71.06436049755489	75.86333650595688	79.58318290721718	82.66828579868063	85.27618234927303	87.51714857724244	89.43910203813712	91.14378548688832	92.62332206504972	93.94007023532114	95.0697430174932	96.1495290295054	97.08621877974335	97.96186287702255	98.70425678558534	99.39807673372937	100.0
SRX19144487	52.232600328503835	63.84349488857836	70.36061876394302	74.95084700056385	78.48250839646	81.41795984408326	83.84398519281214	85.93758427104018	87.8713441690569	89.59427324654948	91.134809149077	92.54492412541983	93.83981760682504	94.98958103503223	96.01088475398986	96.95324949130936	97.83236498247162	98.63793483856733	99.35574023681694	100.0
SRX19144488	47.12049649759281	61.52371825586967	69.42752184726311	74.77183015036393	78.73685171241472	81.8907294590093	84.57799986309809	86.8300362790061	88.72955027722637	90.40032400118648	91.87544207908367	93.18741871449107	94.38930339744905	95.47710315558902	96.43142355169188	97.32813106076163	98.12729595911196	98.77016451046158	99.4255824035412	100.0
SRX19144489	19.918037265723186	33.622206436806735	44.02928801704825	52.44522157259166	59.3770832194962	65.07622534287744	70.11857275558712	74.4516693076881	78.39134473526038	81.76820938746516	84.79208786405114	87.34823233703077	89.64100322386754	91.68570023495984	93.47795202447953	95.1871482432654	96.66247746024807	97.95858149827879	99.05360362821703	100.0
SRX19144490	49.79256537802638	62.47858572932362	69.45912196330161	74.32557947532457	78.03979442300151	81.04346838944045	83.63278911845445	85.83716898181594	87.76342132964561	89.52403558380978	91.09888748993787	92.47094883279324	93.7392928646618	94.90082354640963	95.94522074759026	96.90654089867697	97.79768416272782	98.59439823319367	99.3379636318603	100.0
SRX19144491	34.455923502481326	50.9679670200571	61.395239553147405	68.7288624340508	74.20344751475625	78.53028501448925	82.03903196177973	85.05222536294313	87.45096084699784	89.53855136028024	91.3584290382986	92.93907396991078	94.29116618843851	95.49160193379804	96.51902113934595	97.39620787616857	98.24277851746898	98.93769268560118	99.50373445165148	100.0
SRX19144492	28.88367602723485	44.78676196605806	55.67053961586667	63.723281731648655	69.95020493885708	74.84163815588903	79.02679448528167	82.52261102266183	85.38413332881677	87.88658920768266	90.09942075132956	91.94641102943667	93.59100301480302	95.06961146302632	96.27468581687612	97.28159615189188	98.1733342366451	98.95244063547983	99.53168930591782	100.0
SRX19144493	40.3658276165817	56.3822971999039	65.84296505885807	72.31401649627632	77.06403651602915	80.80639564370179	83.8520673731415	86.3205028961909	88.5393588340496	90.3838453941222	92.01545524917918	93.38747564263407	94.64938739556362	95.76715692816913	96.75279609214425	97.59696233617169	98.33502389023838	98.993673758108	99.51752395697088	100.0
SRX19144494	50.16524441375228	63.80188208728632	71.24856815578465	76.29359246288166	80.09284379333212	83.09245466055016	85.59879862104496	87.71491365088761	89.58603945039106	91.25382966945637	92.69088059104337	93.95748039264046	95.0793885682654	96.05222052319176	96.93242791452232	97.7238472626427	98.38811336369665	98.99757203067024	99.53632910768016	100.0
