Sample	Total records	QC failed	Duplicates	Non primary hit	Unmapped	Unique	Read-1	Read-2	+ve strand	-ve strand	Non-splice reads	Splice reads	Proper pairs	Different chrom
SRX19144479	50.208106	0.0	28.599235	8.119570999999999	0.0	12.797206	6.404929	6.392277	6.398465	6.398740999999999	9.849238	2.947968	12.78421	0.0
SRX19144480	45.167299	0.0	22.792607	6.394101999999999	0.0	15.359043999999999	7.684022	7.675021999999999	7.679517	7.679526999999999	12.604410999999999	2.7546329999999997	15.349563999999999	0.0
SRX19144481	56.331655	0.0	35.414296	12.832175	0.0	7.381811	3.692965	3.688846	3.6908659999999998	3.6909449999999997	6.192125	1.189686	7.377504	0.0
SRX19144482	45.7833	0.0	18.010573	5.015726	0.0	22.056542999999998	11.034956	11.021587	11.028267999999999	11.028274999999999	19.240679	2.815864	22.042448	0.0
SRX19144483	58.327529999999996	0.0	29.772889	8.410681	0.0	19.422591999999998	9.716213	9.706379	9.711186	9.711406	14.670886	4.7517059999999995	19.412184	0.0
SRX19144484	45.293411	0.0	19.832942	6.000166999999999	0.0	18.704314999999998	9.359437	9.344878	9.35203	9.352285	15.59696	3.1073549999999996	18.68903	0.0
SRX19144485	44.541308	0.0	9.120838	4.997256999999999	0.0	29.519285999999997	14.771557999999999	14.747727999999999	14.759554	14.759732	25.999022	3.520264	29.494228	0.0
SRX19144486	42.559121	0.0	26.015387	6.311909	0.0	9.807221	4.9063349999999994	4.900886	4.903618	4.9036029999999995	7.625588	2.1816329999999997	9.80143	0.0
SRX19144487	54.243185999999994	0.0	14.566730999999999	7.523963999999999	0.0	31.100990999999997	15.564815	15.536176	15.550196999999999	15.550794	23.34134	7.759651	31.071579999999997	0.0
SRX19144488	41.797532	0.0	9.690754	3.585758	0.0	27.758906	13.899156	13.85975	13.879135	13.879771	23.803693	3.9552129999999996	27.718439999999998	0.0
SRX19144489	39.645787999999996	0.0	27.854343999999998	7.9799	0.0	3.390815	1.698362	1.692453	1.6953749999999999	1.6954399999999998	2.912076	0.47873899999999997	3.38482	0.0
SRX19144490	48.340353	0.0	11.154823	6.106814	0.0	30.175053	15.116726	15.058326999999998	15.087126999999999	15.087926	24.355363999999998	5.8196889999999994	30.115569999999998	0.0
SRX19144491	36.769026	0.0	20.374484	5.146866999999999	0.0	10.782479	5.396317	5.386162	5.39117	5.391309	9.266841	1.515638	10.771962	0.0
SRX19144492	17.233068	0.0	5.729731999999999	2.521991	0.0	8.574898	4.29218	4.282718	4.287521	4.287377	7.6473759999999995	0.927522	8.564943999999999	0.0
SRX19144493	49.608335	0.0	30.913998	7.648963999999999	0.0	10.593043	5.299608999999999	5.2934339999999995	5.296539999999999	5.2965029999999995	8.349553	2.24349	10.586564	0.0
SRX19144494	48.860731	0.0	12.797948	8.982569	0.0	26.129389	13.078619	13.05077	13.064446	13.064943	20.989877	5.139512	26.100634	0.0
