Sample	0	1	2	3	4	5	6	7	8	9	10	11	12	13	14	15	16	17	18	19
SRX19144479	(5.0, 47.92623069149704)	(10.0, 64.28396131081276)	(15.0, 73.14566190269959)	(20.0, 78.8645878446658)	(25.0, 82.88003464703334)	(30.0, 85.94990616428468)	(35.0, 88.4206727298975)	(40.0, 90.376786487657)	(45.0, 91.98570809874404)	(50.0, 93.3102353111015)	(55.0, 94.42904576295655)	(60.0, 95.44535874115779)	(65.0, 96.31442182763101)	(70.0, 97.03262595640248)	(75.0, 97.7003031615418)	(80.0, 98.28858091525913)	(85.0, 98.79168471199654)	(90.0, 99.2478706510755)	(95.0, 99.63043164429045)	(100.0, 100.0)
SRX19144480	(5.0, 47.36377111064056)	(10.0, 63.84339610242631)	(15.0, 72.83965040122082)	(20.0, 78.6882014062808)	(25.0, 82.83329804245128)	(30.0, 85.91382696758836)	(35.0, 88.36058032813219)	(40.0, 90.3670495118906)	(45.0, 92.02231357287324)	(50.0, 93.42056265835262)	(55.0, 94.60341567061194)	(60.0, 95.59496776360463)	(65.0, 96.47261549245384)	(70.0, 97.21591448410815)	(75.0, 97.8270552071088)	(80.0, 98.4009579649087)	(85.0, 98.92082916535847)	(90.0, 99.34358959381412)	(95.0, 99.69625502895069)	(100.0, 100.0)
SRX19144481	(5.0, 32.293437606256376)	(10.0, 48.724923495409726)	(15.0, 59.417715062903774)	(20.0, 67.08942536552193)	(25.0, 72.83321999319959)	(30.0, 77.39374362461747)	(35.0, 81.1059163549813)	(40.0, 84.19245154709283)	(45.0, 86.70690241414485)	(50.0, 88.96293777626657)	(55.0, 90.88405304318259)	(60.0, 92.4914994899694)	(65.0, 93.8813328799728)	(70.0, 95.08075484529071)	(75.0, 96.21982318939136)	(80.0, 97.17188031281877)	(85.0, 97.9998299897994)	(90.0, 98.72492349540973)	(95.0, 99.38881332879973)	(100.0, 100.0)
SRX19144482	(5.0, 47.56511074237068)	(10.0, 64.16564461438568)	(15.0, 73.25517639419955)	(20.0, 78.9842002741505)	(25.0, 83.07842147031239)	(30.0, 86.09263400909025)	(35.0, 88.51453719067888)	(40.0, 90.42204747132241)	(45.0, 92.06190029579395)	(50.0, 93.44131015078277)	(55.0, 94.63097900584373)	(60.0, 95.59339153019263)	(65.0, 96.47716614962846)	(70.0, 97.2419017386913)	(75.0, 97.91862059014501)	(80.0, 98.48279344924609)	(85.0, 98.97842868479907)	(90.0, 99.38243993939831)	(95.0, 99.71719212178054)	(100.0, 100.0)
SRX19144483	(5.0, 56.68738574040219)	(10.0, 71.4023599800565)	(15.0, 78.62589330231012)	(20.0, 83.22818680405517)	(25.0, 86.3034734917733)	(30.0, 88.6800731261426)	(35.0, 90.5720458700349)	(40.0, 92.03190958949642)	(45.0, 93.33289014459032)	(50.0, 94.45703839122486)	(55.0, 95.38241648662124)	(60.0, 96.19943493435267)	(65.0, 96.86953631377763)	(70.0, 97.4804719960113)	(75.0, 98.0787767990693)	(80.0, 98.5414658467675)	(85.0, 98.99484793086256)	(90.0, 99.38042213727772)	(95.0, 99.72411500747882)	(100.0, 100.0)
SRX19144484	(5.0, 49.785292158557844)	(10.0, 65.8132679525517)	(15.0, 74.4178795651989)	(20.0, 79.83305225266082)	(25.0, 83.6602372415357)	(30.0, 86.58961749408313)	(35.0, 88.85361602018112)	(40.0, 90.69103329034452)	(45.0, 92.19682260738935)	(50.0, 93.45672538654497)	(55.0, 94.55790025651564)	(60.0, 95.48900950950241)	(65.0, 96.30674168449994)	(70.0, 97.01818284888253)	(75.0, 97.66443219342129)	(80.0, 98.23769504400448)	(85.0, 98.75852099601764)	(90.0, 99.23116168988535)	(95.0, 99.6357761369595)	(100.0, 100.0)
SRX19144485	(5.0, 51.649486739280654)	(10.0, 67.46333088753856)	(15.0, 75.86000555646581)	(20.0, 81.23909187402495)	(25.0, 84.98899392350599)	(30.0, 87.75582894633736)	(35.0, 89.93923505987448)	(40.0, 91.75434722212329)	(45.0, 93.20615200495807)	(50.0, 94.41788897041538)	(55.0, 95.46079485955677)	(60.0, 96.342705713899)	(65.0, 97.09781516915164)	(70.0, 97.73395926683146)	(75.0, 98.26467298774016)	(80.0, 98.74694572472698)	(85.0, 99.17222906886455)	(90.0, 99.5098912214964)	(95.0, 99.77417953083483)	(100.0, 100.0)
SRX19144486	(5.0, 43.02286344173909)	(10.0, 59.81613263645703)	(15.0, 69.46766948866576)	(20.0, 75.85878506565085)	(25.0, 80.39697953613233)	(30.0, 83.76238217716356)	(35.0, 86.50464542543699)	(40.0, 88.76249465719835)	(45.0, 90.6349123030662)	(50.0, 92.20963279017974)	(55.0, 93.58638841605615)	(60.0, 94.68344368874524)	(65.0, 95.6935144011938)	(70.0, 96.53861439594472)	(75.0, 97.35446958164925)	(80.0, 98.03009965731083)	(85.0, 98.62774357551534)	(90.0, 99.12265572860817)	(95.0, 99.5943220078436)	(100.0, 100.0)
SRX19144487	(5.0, 63.41264636405891)	(10.0, 75.50061442660945)	(15.0, 81.41566437662759)	(20.0, 85.1436102816175)	(25.0, 87.79296688463424)	(30.0, 89.82152976307965)	(35.0, 91.41967565915559)	(40.0, 92.7032860681154)	(45.0, 93.85764404006188)	(50.0, 94.84008990366554)	(55.0, 95.66399460068638)	(60.0, 96.42040787739484)	(65.0, 97.07622073514712)	(70.0, 97.64098384662893)	(75.0, 98.150989768046)	(80.0, 98.60050809578688)	(85.0, 98.99781607951253)	(90.0, 99.38621010206485)	(95.0, 99.71284310791623)	(100.0, 100.0)
SRX19144488	(5.0, 54.03613585093099)	(10.0, 69.26452022379668)	(15.0, 77.03048574365484)	(20.0, 81.94932150421171)	(25.0, 85.38629762750685)	(30.0, 87.93195035632239)	(35.0, 89.9995170848482)	(40.0, 91.65729581312563)	(45.0, 92.99221126848013)	(50.0, 94.15879629949018)	(55.0, 95.14532296675475)	(60.0, 96.00698157333757)	(65.0, 96.74032272529716)	(70.0, 97.41778369540472)	(75.0, 97.96830696846564)	(80.0, 98.49744399908936)	(85.0, 98.9555235145185)	(90.0, 99.31770987837437)	(95.0, 99.68610515132491)	(100.0, 100.0)
SRX19144489	(5.0, 20.235871088276507)	(10.0, 34.2760392340028)	(15.0, 44.85871088276506)	(20.0, 53.37225595516114)	(25.0, 60.35730966837926)	(30.0, 66.07192900513779)	(35.0, 71.0894441849603)	(40.0, 75.36314806165343)	(45.0, 79.22232601588043)	(50.0, 82.53970107426436)	(55.0, 85.46240074731433)	(60.0, 87.98692199906586)	(65.0, 90.20901447921533)	(70.0, 92.1485287248949)	(75.0, 93.86034563288183)	(80.0, 95.47174217655301)	(85.0, 96.86945352638953)	(90.0, 98.1013545072396)	(95.0, 99.11373190098085)	(100.0, 100.0)
SRX19144490	(5.0, 59.241062094919506)	(10.0, 72.49960798661928)	(15.0, 79.13639452226636)	(20.0, 83.35576521011917)	(25.0, 86.32395985782982)	(30.0, 88.56888981810579)	(35.0, 90.39959230608405)	(40.0, 91.88532301902572)	(45.0, 93.11820510140079)	(50.0, 94.21061572234998)	(55.0, 95.13707401212628)	(60.0, 95.91718063976583)	(65.0, 96.6404453272005)	(70.0, 97.31536169767928)	(75.0, 97.86614049759565)	(80.0, 98.3796780263433)	(85.0, 98.85532092828768)	(90.0, 99.28000209073804)	(95.0, 99.65960171440518)	(100.0, 100.0)
SRX19144491	(5.0, 36.907663361463285)	(10.0, 54.18178353961084)	(15.0, 64.83491183919088)	(20.0, 72.1354683518176)	(25.0, 77.471162166668)	(30.0, 81.58030532775497)	(35.0, 84.82332113398378)	(40.0, 87.52252645618158)	(45.0, 89.6707763390837)	(50.0, 91.5173503330343)	(55.0, 93.06621785762486)	(60.0, 94.39597342076641)	(65.0, 95.49709041543946)	(70.0, 96.46483491183919)	(75.0, 97.29444360645586)	(80.0, 97.97242047267848)	(85.0, 98.63372577661694)	(90.0, 99.19262005509555)	(95.0, 99.63005009407524)	(100.0, 100.0)
SRX19144492	(5.0, 30.332887021561476)	(10.0, 46.788863751789094)	(15.0, 57.89925666004894)	(20.0, 65.97534512212013)	(25.0, 72.12336672976592)	(30.0, 76.8890530495406)	(35.0, 80.89200794127153)	(40.0, 84.2365760192068)	(45.0, 86.90613601735998)	(50.0, 89.24050048478692)	(55.0, 91.26552472413316)	(60.0, 92.9387321667667)	(65.0, 94.41987164689044)	(70.0, 95.73572187081582)	(75.0, 96.80225310494482)	(80.0, 97.68687381688905)	(85.0, 98.4551456669283)	(90.0, 99.1246133247149)	(95.0, 99.60201301999169)	(100.0, 100.0)
SRX19144493	(5.0, 43.99793959685788)	(10.0, 60.80310272473166)	(15.0, 70.36200980206495)	(20.0, 76.67653943172263)	(25.0, 81.18745881087469)	(30.0, 84.60530402308864)	(35.0, 87.288373114769)	(40.0, 89.4116488527645)	(45.0, 91.26525417951262)	(50.0, 92.76662146909774)	(55.0, 94.03619340519494)	(60.0, 95.11487505018445)	(65.0, 96.08977903691303)	(70.0, 96.9321203214835)	(75.0, 97.66007893162038)	(80.0, 98.29410739851379)	(85.0, 98.82360070599108)	(90.0, 99.30688644300183)	(95.0, 99.66442698825115)	(100.0, 100.0)
SRX19144494	(5.0, 58.047434968188774)	(10.0, 72.32825964403641)	(15.0, 79.44887385573541)	(20.0, 83.88969423639634)	(25.0, 86.9922955088454)	(30.0, 89.28149579877051)	(35.0, 91.11030576360366)	(40.0, 92.58610507100481)	(45.0, 93.81828675740249)	(50.0, 94.90550589245926)	(55.0, 95.78870365896218)	(60.0, 96.56049502026791)	(65.0, 97.24772489329146)	(70.0, 97.81549488604333)	(75.0, 98.31682370943062)	(80.0, 98.74030227376446)	(85.0, 99.1006952833481)	(90.0, 99.44431021985987)	(95.0, 99.7389331830018)	(100.0, 100.0)
