Sample	0	1	2	3	4	5	6	7	8	9	10	11	12	13	14	15	16	17	18	19
SRX19144479	(5.0, 43.294669946187554)	(10.0, 58.814128575530944)	(15.0, 67.65759804227585)	(20.0, 73.58633089033998)	(25.0, 77.95250521269024)	(30.0, 81.44719263855768)	(35.0, 84.32384852608843)	(40.0, 86.70857628007441)	(45.0, 88.71124817399773)	(50.0, 90.43237236712322)	(55.0, 91.94561322462637)	(60.0, 93.3002884147179)	(65.0, 94.51512616583221)	(70.0, 95.52457767844881)	(75.0, 96.49095426566616)	(80.0, 97.38741213339493)	(85.0, 98.13217135080468)	(90.0, 98.8425954827513)	(95.0, 99.44314734121583)	(100.0, 100.0)
SRX19144480	(5.0, 42.790266307468094)	(10.0, 58.45704443505088)	(15.0, 67.36550558040643)	(20.0, 73.49101898410736)	(25.0, 77.9957224244642)	(30.0, 81.48907577870172)	(35.0, 84.36413650387064)	(40.0, 86.80828512122952)	(45.0, 88.8675781225355)	(50.0, 90.6612576576804)	(55.0, 92.19752556766204)	(60.0, 93.57606576614658)	(65.0, 94.80129462905597)	(70.0, 95.86311758285437)	(75.0, 96.75711825161986)	(80.0, 97.58234963817263)	(85.0, 98.34322811843458)	(90.0, 98.98991173557265)	(95.0, 99.53186415227664)	(100.0, 100.0)
SRX19144481	(5.0, 30.569335620566555)	(10.0, 46.347381272505295)	(15.0, 56.7589287094132)	(20.0, 64.40261486392508)	(25.0, 70.21574172809743)	(30.0, 74.92466039222958)	(35.0, 78.77663931259369)	(40.0, 82.03285579612715)	(45.0, 84.77212666326673)	(50.0, 87.22240252213825)	(55.0, 89.32418440045126)	(60.0, 91.11378985272073)	(65.0, 92.71253496530514)	(70.0, 94.11501074072356)	(75.0, 95.4270789868175)	(80.0, 96.55446860463319)	(85.0, 97.53581529046316)	(90.0, 98.45843571792851)	(95.0, 99.25355834762854)	(100.0, 100.0)
SRX19144482	(5.0, 42.65726928797576)	(10.0, 58.38450666847702)	(15.0, 67.4000654195802)	(20.0, 73.4075578130111)	(25.0, 77.89558788133135)	(30.0, 81.34554498830471)	(35.0, 84.20487437589104)	(40.0, 86.62046151662337)	(45.0, 88.7428948781406)	(50.0, 90.51662953385463)	(55.0, 92.1385413902278)	(60.0, 93.49815775993483)	(65.0, 94.72570063753233)	(70.0, 95.81746702791442)	(75.0, 96.80122939437516)	(80.0, 97.62576297128328)	(85.0, 98.39598595330523)	(90.0, 99.00574581407261)	(95.0, 99.5389771093186)	(100.0, 100.0)
SRX19144483	(5.0, 48.952970755014746)	(10.0, 62.84515504086897)	(15.0, 70.32183632821429)	(20.0, 75.42256663655459)	(25.0, 79.15954679524157)	(30.0, 82.23261028091294)	(35.0, 84.75930299633214)	(40.0, 86.84846374035416)	(45.0, 88.77817564405359)	(50.0, 90.45048378846091)	(55.0, 91.9116446630895)	(60.0, 93.21553347337259)	(65.0, 94.38827153103539)	(70.0, 95.46359886372294)	(75.0, 96.45620870928069)	(80.0, 97.27794164063606)	(85.0, 98.0915116620773)	(90.0, 98.82018742041163)	(95.0, 99.45362922974782)	(100.0, 100.0)
SRX19144484	(5.0, 44.50001814377124)	(10.0, 59.6174083437156)	(15.0, 68.20304089606039)	(20.0, 73.91651446058567)	(25.0, 78.15913296965152)	(30.0, 81.5423415141582)	(35.0, 84.30261391264379)	(40.0, 86.60263931392353)	(45.0, 88.55732826920519)	(50.0, 90.24227982533596)	(55.0, 91.7627278555272)	(60.0, 93.10052858853555)	(65.0, 94.29075998209815)	(70.0, 95.3842245956963)	(75.0, 96.37971284458045)	(80.0, 97.2669432583794)	(85.0, 98.0574068922139)	(90.0, 98.78920566569496)	(95.0, 99.42000411258815)	(100.0, 100.0)
SRX19144485	(5.0, 45.689175526027675)	(10.0, 60.67281287952665)	(15.0, 69.21010595337094)	(20.0, 74.9947651496569)	(25.0, 79.27657359601314)	(30.0, 82.58140940119294)	(35.0, 85.32327444375976)	(40.0, 87.6535306822057)	(45.0, 89.60149327845215)	(50.0, 91.33467744347857)	(55.0, 92.83214377591251)	(60.0, 94.14953125654357)	(65.0, 95.29880525758455)	(70.0, 96.32064804455905)	(75.0, 97.15702756223489)	(80.0, 97.92340965246576)	(85.0, 98.58868434749834)	(90.0, 99.13909146928788)	(95.0, 99.59796349364937)	(100.0, 100.0)
SRX19144486	(5.0, 39.2142833699826)	(10.0, 55.108470904854116)	(15.0, 64.58958285470479)	(20.0, 71.06436049755489)	(25.0, 75.86333650595688)	(30.0, 79.58318290721718)	(35.0, 82.66828579868063)	(40.0, 85.27618234927303)	(45.0, 87.51714857724244)	(50.0, 89.43910203813712)	(55.0, 91.14378548688832)	(60.0, 92.62332206504972)	(65.0, 93.94007023532114)	(70.0, 95.0697430174932)	(75.0, 96.1495290295054)	(80.0, 97.08621877974335)	(85.0, 97.96186287702255)	(90.0, 98.70425678558534)	(95.0, 99.39807673372937)	(100.0, 100.0)
SRX19144487	(5.0, 52.232600328503835)	(10.0, 63.84349488857836)	(15.0, 70.36061876394302)	(20.0, 74.95084700056385)	(25.0, 78.48250839646)	(30.0, 81.41795984408326)	(35.0, 83.84398519281214)	(40.0, 85.93758427104018)	(45.0, 87.8713441690569)	(50.0, 89.59427324654948)	(55.0, 91.134809149077)	(60.0, 92.54492412541983)	(65.0, 93.83981760682504)	(70.0, 94.98958103503223)	(75.0, 96.01088475398986)	(80.0, 96.95324949130936)	(85.0, 97.83236498247162)	(90.0, 98.63793483856733)	(95.0, 99.35574023681694)	(100.0, 100.0)
SRX19144488	(5.0, 47.12049649759281)	(10.0, 61.52371825586967)	(15.0, 69.42752184726311)	(20.0, 74.77183015036393)	(25.0, 78.73685171241472)	(30.0, 81.8907294590093)	(35.0, 84.57799986309809)	(40.0, 86.8300362790061)	(45.0, 88.72955027722637)	(50.0, 90.40032400118648)	(55.0, 91.87544207908367)	(60.0, 93.18741871449107)	(65.0, 94.38930339744905)	(70.0, 95.47710315558902)	(75.0, 96.43142355169188)	(80.0, 97.32813106076163)	(85.0, 98.12729595911196)	(90.0, 98.77016451046158)	(95.0, 99.4255824035412)	(100.0, 100.0)
SRX19144489	(5.0, 19.918037265723186)	(10.0, 33.622206436806735)	(15.0, 44.02928801704825)	(20.0, 52.44522157259166)	(25.0, 59.3770832194962)	(30.0, 65.07622534287744)	(35.0, 70.11857275558712)	(40.0, 74.4516693076881)	(45.0, 78.39134473526038)	(50.0, 81.76820938746516)	(55.0, 84.79208786405114)	(60.0, 87.34823233703077)	(65.0, 89.64100322386754)	(70.0, 91.68570023495984)	(75.0, 93.47795202447953)	(80.0, 95.1871482432654)	(85.0, 96.66247746024807)	(90.0, 97.95858149827879)	(95.0, 99.05360362821703)	(100.0, 100.0)
SRX19144490	(5.0, 49.79256537802638)	(10.0, 62.47858572932362)	(15.0, 69.45912196330161)	(20.0, 74.32557947532457)	(25.0, 78.03979442300151)	(30.0, 81.04346838944045)	(35.0, 83.63278911845445)	(40.0, 85.83716898181594)	(45.0, 87.76342132964561)	(50.0, 89.52403558380978)	(55.0, 91.09888748993787)	(60.0, 92.47094883279324)	(65.0, 93.7392928646618)	(70.0, 94.90082354640963)	(75.0, 95.94522074759026)	(80.0, 96.90654089867697)	(85.0, 97.79768416272782)	(90.0, 98.59439823319367)	(95.0, 99.3379636318603)	(100.0, 100.0)
SRX19144491	(5.0, 34.455923502481326)	(10.0, 50.9679670200571)	(15.0, 61.395239553147405)	(20.0, 68.7288624340508)	(25.0, 74.20344751475625)	(30.0, 78.53028501448925)	(35.0, 82.03903196177973)	(40.0, 85.05222536294313)	(45.0, 87.45096084699784)	(50.0, 89.53855136028024)	(55.0, 91.3584290382986)	(60.0, 92.93907396991078)	(65.0, 94.29116618843851)	(70.0, 95.49160193379804)	(75.0, 96.51902113934595)	(80.0, 97.39620787616857)	(85.0, 98.24277851746898)	(90.0, 98.93769268560118)	(95.0, 99.50373445165148)	(100.0, 100.0)
SRX19144492	(5.0, 28.88367602723485)	(10.0, 44.78676196605806)	(15.0, 55.67053961586667)	(20.0, 63.723281731648655)	(25.0, 69.95020493885708)	(30.0, 74.84163815588903)	(35.0, 79.02679448528167)	(40.0, 82.52261102266183)	(45.0, 85.38413332881677)	(50.0, 87.88658920768266)	(55.0, 90.09942075132956)	(60.0, 91.94641102943667)	(65.0, 93.59100301480302)	(70.0, 95.06961146302632)	(75.0, 96.27468581687612)	(80.0, 97.28159615189188)	(85.0, 98.1733342366451)	(90.0, 98.95244063547983)	(95.0, 99.53168930591782)	(100.0, 100.0)
SRX19144493	(5.0, 40.3658276165817)	(10.0, 56.3822971999039)	(15.0, 65.84296505885807)	(20.0, 72.31401649627632)	(25.0, 77.06403651602915)	(30.0, 80.80639564370179)	(35.0, 83.8520673731415)	(40.0, 86.3205028961909)	(45.0, 88.5393588340496)	(50.0, 90.3838453941222)	(55.0, 92.01545524917918)	(60.0, 93.38747564263407)	(65.0, 94.64938739556362)	(70.0, 95.76715692816913)	(75.0, 96.75279609214425)	(80.0, 97.59696233617169)	(85.0, 98.33502389023838)	(90.0, 98.993673758108)	(95.0, 99.51752395697088)	(100.0, 100.0)
SRX19144494	(5.0, 50.16524441375228)	(10.0, 63.80188208728632)	(15.0, 71.24856815578465)	(20.0, 76.29359246288166)	(25.0, 80.09284379333212)	(30.0, 83.09245466055016)	(35.0, 85.59879862104496)	(40.0, 87.71491365088761)	(45.0, 89.58603945039106)	(50.0, 91.25382966945637)	(55.0, 92.69088059104337)	(60.0, 93.95748039264046)	(65.0, 95.0793885682654)	(70.0, 96.05222052319176)	(75.0, 96.93242791452232)	(80.0, 97.7238472626427)	(85.0, 98.38811336369665)	(90.0, 98.99757203067024)	(95.0, 99.53632910768016)	(100.0, 100.0)
