Sample	Sense	Antisense	Undetermined
SRX19144479	1.21	92.5	6.29
SRX19144480	1.39	93.58999999999999	5.0200000000000005
SRX19144481	9.35	85.65	5.01
SRX19144482	1.43	95.73	2.85
SRX19144483	1.06	91.66	7.2700000000000005
SRX19144484	1.05	93.37	5.58
SRX19144485	1.39	94.52000000000001	4.09
SRX19144486	1.27	93.19	5.54
SRX19144487	1.02	95.50999999999999	3.47
SRX19144488	1.24	95.1	3.66
SRX19144489	5.57	89.56	4.87
SRX19144490	1.01	95.44	3.55
SRX19144491	1.55	92.39	6.0600000000000005
SRX19144492	1.23	93.43	5.33
SRX19144493	1.04	92.99	5.970000000000001
SRX19144494	1.67	95.09	3.25
