Sample	Total sequences	Mapped &amp; paired	Properly paired	Duplicated	QC Failed	Reads MQ0	Mapped bases (CIGAR)	Bases Trimmed	Duplicated bases	Diff chromosomes	Other orientation	Inward pairs	Outward pairs
SRX19144479	42.088535	42.012328	42.012328	28.599235	0.0	0.393352	5434.539425999999	0.0	3788.358221	0.0	0.0	20.736511	0.269653
SRX19144480	38.773196999999996	38.721042	38.721042	22.792607	0.0	0.279591	4929.675052	0.0	2981.172297	0.0	0.0	19.171117	0.189404
SRX19144481	43.49948	43.447586	43.447586	35.414296	0.0	0.561659	5572.866086	0.0	4663.952896	0.0	0.0	21.392063999999998	0.331729
SRX19144482	40.767573999999996	40.718364	40.718364	18.010573	0.0	0.250004	5145.1116139999995	0.0	2343.175863	0.0	0.0	20.151729	0.207453
SRX19144483	49.916849	49.865458	49.865458	29.772889	0.0	0.25251599999999996	6893.647367	0.0	4184.099271	0.0	0.0	24.771773	0.160956
SRX19144484	39.293244	39.24172	39.24172	19.832942	0.0	0.323025	5208.056124	0.0	2686.277262	0.0	0.0	19.362099	0.25876099999999996
SRX19144485	39.544050999999996	39.497375999999996	39.497375999999996	9.120838	0.0	0.266648	4777.686272999999	0.0	1129.9426429999999	0.0	0.0	19.530344	0.21834399999999998
SRX19144486	36.247212	36.207498	36.207498	26.015387	0.0	0.185131	5014.207221	0.0	3646.944255	0.0	0.0	17.982073	0.12167599999999999
SRX19144487	46.719221999999995	46.631754	46.631754	14.566730999999999	0.0	0.202623	6350.037625	0.0	2000.9813849999998	0.0	0.0	23.159259	0.15661799999999998
SRX19144488	38.211774	38.134538	38.134538	9.690754	0.0	0.15984299999999999	5224.91014	0.0	1352.089747	0.0	0.0	18.936844999999998	0.13042399999999998
SRX19144489	31.665888	31.589778	31.589778	27.854343999999998	0.0	0.543956	3914.866744	0.0	3614.680629	0.0	0.0	15.441661999999999	0.35322699999999996
SRX19144490	42.233539	42.107728	42.107728	11.154823	0.0	0.256885	5901.897174	0.0	1575.296018	0.0	0.0	20.93375	0.120114
SRX19144491	31.622159	31.581252	31.581252	20.374484	0.0	0.23072399999999998	3883.163615	0.0	2561.472491	0.0	0.0	15.618030999999998	0.172595
SRX19144492	14.711077	14.690083999999999	14.690083999999999	5.729731999999999	0.0	0.144198	1726.4773619999999	0.0	688.829155	0.0	0.0	7.239064	0.10597799999999999
SRX19144493	41.959371	41.921116	41.921116	30.913998	0.0	0.388163	5634.653531999999	0.0	4205.9207209999995	0.0	0.0	20.781836	0.178722
SRX19144494	39.878161999999996	39.812605999999995	39.812605999999995	12.797948	0.0	0.30191	5094.413523	0.0	1657.125141	0.0	0.0	19.70002	0.206283
